IBM
7091118
7040966
7615484
7413961
7442618
7615433
7405131
7572712
6617702
6621294
6627924
6960523
6420272
7449374
6884630
6255683
6261972
6821900
6753252
6548414
6693017
6261924
6261950
6265279
6281114
6294817
6329271
6348419
6350692
6358855
6358867
6362040
6420099
6420267
6432725
6432760
6433404
6444531
6486015
6544838
6548344
6596580
6620724
6624499
6635564
6734097
6740555
6740568
6750115
6759292
6794242
6794262
6809005
6812141
6818519
6872648
6882027
6890815
6890833
6893938
6908806
6908841
6916729
6960306
6974743
6974770
6984529
7001783
7052621
7087438
7122437
7125782
7125792
7157328
7157373
7205639
7241681
7259025
7344896
7368299
7374952
7514356
6264789
6281084
6225224
6261967
6136709
6204140
6218279
6319788
6323535
6365328
6770526
6784105
6576565
6214661
6245651
6118155
7320938
7335927
6069081
6759270
7119018
7179760
6626196
7442611
7534675
7545034
7176563
7446350
6348374
7504697
6037194
6051283
6221775
6235559
6255178
6294453
6403412
6413854
6429523
6503834
6548338
6660664
6686296
6764883
6815282
6864540
6967131
7029956
7056840
7138326
6521542
6207584
7273638
6103592
6184107
6127215
7288465
7326600
6274465
6013537
6013548
6013583
6015505
6015745
6015750
6015985
6017810
6017814
6020239
6020250
6020264
6022770
6022771
6022781
6022791
6022801
6025226
6025242
6027966
6028004
6028008
6030541
6030889
6030895
6030897
6030904
6033939
6033949
6033957
6033996
6034389
6036809
6037193
6037210
6040203
6040210
6040213
6040214
6040218
6043110
6043150
6046074
6046500
6048741
6048745
6051151
6051483
6051504
6054328
6054329
6054330
6054339
6054354
6054745
6057184
6057188
6057204
6057212
6057216
6057236
6059939
6060341
6060358
6060388
6060759
6063506
6063651
6063657
6063658
6063687
6063699
6066267
6066513
6066526
6066564
6066566
6066577
6067999
6069023
6069040
6069049
6069051
6069068
6069390
6071767
6071803
6071815
6072313
6074895
6074899
6074951
6077745
6077766
6077786
6080668
6083771
6083794
6083823
6084276
6085411
6087191
6087199
6087225
6087242
6087258
6090633
6090659
6090660
6090673
6090689
6090710
6090722
6093630
6093631
6093636
6096565
6096580
6096584
6096590
6096598
6096618
6099959
6100013
6100114
6100123
6100143
6100153
6100172
6100199
6105852
6107121
6107125
6107133
6107141
6107199
6110396
6110806
6110819
6110824
6110832
6114181
6114221
6114248
6114249
6114257
6117771
6117778
6117784
6117796
6121064
6121069
6121078
6121106
6121122
6121128
6121129
6124199
6126848
6127204
6127253
6127254
6127731
6129955
6130161
6130170
6130479
6131258
6132632
6133136
6133139
6133610
6134776
6136655
6136656
6136664
6136669
6136686
6137128
6139647
6139661
6140171
6140175
6140217
6140226
6140234
6143117
6143635
6143640
6143643
6144086
6147009
6149048
6150212
6150230
6150255
6150256
6150258
6150282
6153043
6153474
6153491
6153505
6153536
6156165
6156484
6159787
6159807
6159870
6162659
6162660
6165885
6165917
6171513
6171873
6171918
6171971
6172399
6174762
6174763
6174814
6174824
6177286
6177289
6177299
6177337
6177348
6177360
6177708
6180422
6180444
6180456
6180480
6180486
6180498
6180505
6180506
6180521
6180891
6183588
6184062
6184121
6184132
6184151
6184549
6187610
6187617
6187678
6187679
6187680
6190237
6190959
6190961
6190979
6190986
6190988
6191952
6194230
6194233
6194253
6194268
6194301
6194785
6197619
6197632
6197656
6200834
6200843
6200891
6200899
6204074
6204112
6204165
6207353
6207472
6207493
6207514
6207530
6207540
6207580
6208907
6211042
6212077
6214647
6214653
6214686
6214694
6214730
6216324
6218236
6218264
6218315
6218319
6221269
6221680
6221694
6221704
6221707
6221769
6221780
6224711
6225158
6225206
6228280
6228665
6228682
6228705
6228706
6228744
6228745
6228769
6229173
6232143
6232163
6232170
6232173
6232222
6235544
6235567
6235597
6238469
6238935
6238946
6238963
6238998
6242310
6242321
6245587
6245600
6245613
6245616
6245619
6245668
6246124
6248599
6248614
6248626
6251707
6251738
6251751
6251755
6251766
6251773
6251775
6251784
6251787
6252292
6252307
6252779
6254796
6255122
6255136
6255139
6255145
6255157
6255158
6255179
6255185
6255200
6255208
6255217
6255671
6255699
6258192
6258497
6258625
6258627
6258636
6258659
6258661
6258673
6258679
6258689
6258695
6258703
6258707
6258710
6258717
6258723
6258727
6258732
6258899
6259128
6259164
6261851
6261873
6261876
6261894
6261895
6261914
6261927
6261933
6261945
6261951
6265075
6265308
6265779
6268016
6268226
6268228
6268238
6268259
6268261
6268286
6268291
6268299
6268621
6268638
6268640
6270353
6271054
6271059
6271076
6271080
6271094
6271100
6271102
6271111
6271142
6273328
6274393
6274440
6274441
6274446
6274467
6274474
6274935
6275381
6278193
6281064
6281068
6281095
6281105
6281576
6281593
6282459
6284443
6284574
6284593
6284619
6284666
6285050
6287897
6287901
6287913
6287954
6288436
6291267
6291272
6291351
6291353
6294102
6294406
6294408
6294419
6294429
6294449
6294470
6296717
6297086
6297089
6297127
6297140
6297149
6297166
6300164
6300218
6300228
6300236
6300246
6303275
6303400
6303416
6303450
6303456
6305000
6306683
6306686
6309809
6309924
6312972
6313492
6313896
6314547
6316167
6319745
6319759
6319794
6319818
6319829
6319840
6323045
6323050
6323082
6323086
6323127
6323128
6323130
6323532
6326237
6326260
6326275
6326285
6329280
6329609
6329690
6330967
6331356
6331481
6331486
6332988
6333067
6333104
6333202
6333204
6333209
6333220
6333229
6333230
6333239
6333245
6333247
6333485
6333533
6333546
6333551
6333557
6335210
6335214
6335229
6335239
6335248
6335261
6335262
6335272
6335294
6335539
6337218
6337253
6337287
6337509
6338988
6339001
6339002
6339005
6339007
6339015
6339018
6339022
6339024
6339228
6339241
6339527
6340601
6340615
6340626
6340630
6342407
6342431
6342450
6342452
6342454
6342455
6344373
6344381
6344383
6344389
6344390
6344409
6344414
6344416
6344422
6345399
6346484
6346487
6348076
6348394
6348395
6350548
6350622
6350625
6350653
6351019
6352882
6352892
6352895
6352902
6352903
6352905
6352906
6352912
6354309
6355501
6355531
6355565
6355567
6355569
6358627
6358791
6358813
6358832
6358850
6359300
6359325
6362056
6362531
6363294
6365465
6365484
6368484
6368878
6368881
6368902
6368903
6368953
6368969
6369396
6372081
6372559
6372647
6373091
6373143
6373717
6375693
6376263
6376324
6379577
6380003
6380027
6380063
6380075
6380101
6383847
6383892
6383893
6383920
6383929
6387739
6387742
6387783
6387790
6387810
6391210
6391658
6391669
6391674
6391691
6391703
6391773
6394638
6395587
6395594
6395624
6395650
6399406
6399434
6399447
6399458
6399490
6399496
6403393
6403407
6403423
6403482
6403882
6406962
6406980
6407436
6410369
6410399
6410402
6410430
6410431
6410962
6413353
6413386
6413828
6413852
6413859
6413866
6413868
6413870
6414371
6415431
6416812
6417059
6417070
6417072
6419785
6420253
6420254
6420263
6420274
6420282
6420749
6420750
6420761
6423566
6423583
6423603
6424011
6425956
6426011
6426241
6426244
6426249
6426252
6426265
6426278
6426305
6426516
6426524
6426544
6426565
6429045
6429056
6429058
6429061
6429066
6429067
6429080
6429084
6429099
6429101
6429113
6429137
6429145
6429149
6429488
6429499
6429530
6429675
6432741
6432754
6432777
6432787
6432809
6432823
6432829
6433372
6433429
6436196
6436742
6436744
6436749
6436760
6436803
6436814
6436823
6437406
6440788
6440793
6440794
6440801
6440807
6440808
6440811
6440813
6440834
6440851
6440858
6440872
6441410
6441491
6444490
6444496
6444516
6444548
6444557
6444560
6444562
6444565
6444578
6444581
6444592
6445029
6445967
6448124
6448131
6448169
6448173
6448176
6448590
6451375
6451634
6451662
6451702
6451712
6455331
6455336
6455434
6455443
6457234
6458623
6458630
6458634
6458646
6459160
6461529
6461877
6465376
6472230
6472232
6472258
6472274
6472288
6472705
6475838
6475893
6479110
6479847
6479884
6482660
6485355
6486037
6486043
6488806
6489207
6489223
6489255
6492071
6492207
6492211
6492212
6492227
6492238
6492244
6492247
6492259
6492262
6495429
6495445
6496053
6498056
6498057
6498058
6498096
6498383
6500604
6500751
6500772
6503813
6503821
6503827
6503833
6504207
6504210
6506649
6506653
6506656
6506660
6507115
6507122
6509219
6509221
6509236
6509241
6509265
6511869
6511873
6511876
6512266
6512275
6514667
6514777
6514840
6514843
6518112
6518118
6518119
6518136
6518643
6518674
6521469
6521506
6521977
6522014
6524888
6524908
6524935
6524941
6525341
6528335
6528352
6528363
6528374
6531069
6531265
6531343
6531365
6531375
6531379
6531410
6531411
6531759
6534351
6534371
6534389
6534394
6537852
6537861
6537886
6537908
6541305
6541317
6541320
6541331
6541336
6541349
6541351
6541356
6541398
6544832
6544837
6544874
6545330
6545333
6548325
6548345
6548358
6548418
6548420
6548831
6551895
6551924
6551931
6551942
6552263
6552411
6552529
6555204
6555393
6555430
6555859
6558981
6559001
6559030
6559042
6559046
6559527
6559543
6562633
6562634
6562642
6562654
6562662
6562666
6562713
6563160
6563173
6563176
6565666
6566177
6566191
6566198
6566210
6566242
6566281
6566612
6569707
6569710
6569711
6569781
6569783
6570207
6570255
6570256
6573137
6573197
6573606
6576507
6576525
6576549
6579464
6579743
6580090
6580132
6583469
6583517
6586289
6586818
6589376
6589870
6589874
6591154
6593181
6593205
6593644
6596559
6596570
6596592
6596597
6596621
6596624
6599774
6599778
6599813
6599833
6600230
6602728
6602757
6602759
6602772
6603181
6605526
6605534
6608250
6608658
6610576
6610585
6610607
6613484
6613602
6613615
6613641
6613642
6617085
6617220
6617243
6620635
6620657
6620659
6620675
6620676
6620719
6622907
6624031
6624478
6624526
6626188
6627477
6627926
6630395
6632377
6632695
6632741
6635118
6635506
6635517
6635518
6635525
6635527
6635542
6635543
6635548
6638671
6638815
6638878
6639264
6640021
6642080
6642090
6642115
6642147
6642156
6645789
6645795
6645796
6645861
6645867
6646285
6649429
6649460
6649492
6649531
6649959
6650000
6650016
6650021
6653178
6653222
6653233
6653240
6653246
6653737
6656369
6656750
6656751
6656770
6656773
6656807
6656809
6656815
6656817
6656824
6657244
6657313
6660568
6660581
6660596
6660598
6660607
6660640
6661097
6661661
6663747
6664026
6664150
6664161
6664186
6664582
6665194
6667197
6667207
6667528
6667533
6667539
6667557
6667559
6670223
6670228
6670233
6670234
6670255
6670263
6670283
6670285
6670667
6670675
6673645
6674134
6674168
6677678
6680259
6682951
6682992
6683008
6686252
6686630
6689629
6689650
6692998
6693031
6693041
6696343
6697697
6699736
6703269
6703274
6703283
6703312
6706566
6706586
6706621
6706644
6707075
6707095
6708871
6709562
6709903
6709917
6709926
6709951
6713827
6713835
6716362
6716559
6716647
6716708
6716742
6716764
6717199
6717216
6719871
6720213
6720230
6720231
6720249
6723591
6723600
6723611
6723621
6724031
6727118
6727135
6727141
6727142
6727174
6730529
6730552
6730618
6730984
6732908
6734047
6734056
6734090
6734096
6734109
6734368
6734569
6735492
6737296
6737297
6737364
6740535
6740600
6743268
6743651
6743655
6743670
6743686
6743710
6743727
6746924
6746933
6746947
6747472
6750097
6750109
6750114
6750119
6750471
6753550
6753556
6753590
6756257
6756323
6756324
6756648
6756651
6756680
6759260
6759282
6759291
6759315
6759321
6759332
6759351
6759710
6762088
6762101
6762108
6762121
6762469
6762667
6764774
6764873
6764922
6766211
6767766
6767779
6767789
6767793
6767828
6768063
6768857
6770500
6770501
6770558
6770573
6770907
6770968
6773952
6773982
6774000
6774010
6774015
6774017
6774019
6776852
6776917
6777286
6777298
6777302
6777304
6777817
6780341
6780694
6780695
6780720
6780735
6780736
6782177
6783862
6784072
6784086
6784088
6787427
6787838
6787912
6790305
6790473
6790722
6790733
6790739
6790744
6790789
6791144
6794226
6794231
6794706
6794718
6794726
6797553
6797569
6797582
6797592
6797604
6797610
6797641
6798029
6800141
6800503
6800518
6800530
6800938
6801266
6803240
6803256
6803266
6803269
6803270
6803315
6803660
6803668
6806122
6806138
6806177
6806200
6806534
6806578
6808974
6808981
6808998
6809024
6809027
6809030
6809332
6812075
6812105
6812114
6812122
6812143
6812533
6815258
6815270
6815277
6815278
6815296
6815319
6815329
6815343
6815346
6815737
6815749
6816209
6818487
6818528
6818992
6819813
6821814
6821826
6821833
6821857
6821864
6821890
6822311
6822332
6825075
6825097
6825102
6825125
6825490
6825530
6825561
6827868
6828181
6828187
6828232
6830947
6830960
6830962
6830968
6831006
6831363
6833299
6833305
6833332
6833569
6833573
6835589
6835614
6835633
6838009
6838015
6838323
6838347
6838355
6838364
6838396
6838695
6841395
6841457
6841831
6842361
6844225
6844257
6844609
6846727
6846734
6846741
6849389
6849563
6849884
6852575
6852629
6853032
6855649
6856031
6857434
6858111
6858485
6858488
6858502
6858530
6858532
6858909
6858941
6859252
6861186
6864041
6864136
6864165
6864180
6864189
6864504
6866791
6867121
6867143
6867460
6869542
6869846
6869852
6869854
6869860
6869866
6869895
6869899
6872620
6872641
6873010
6875661
6875685
6875688
6875703
6876058
6878582
6878608
6878611
6878616
6878624
6878629
6878976
6878978
6878983
6880136
6881635
6881672
6882052
6884632
6884641
6884667
6884672
6884715
6884722
6884734
6887332
6887751
6887779
6887785
6887797
6887798
6888221
6888223
6890766
6890808
6890810
6890828
6890835
6890855
6892925
6893799
6893884
6893897
6893902
6893936
6893948
6893966
6893979
6899785
6900073
6900092
6900126
6900137
6900142
6900505
6900519
6903023
6905941
6905961
6905976
6908815
6908830
6908850
6908855
6908866
6909147
6909164
6909295
6911229
6911354
6911375
6911378
6911383
6911384
6911400
6913948
6913960
6913968
6914015
6916670
6916694
6916698
6919277
6919635
6921018
6921711
6922890
6924171
6924178
6924185
6924200
6924205
6924210
6924224
6924517
6926843
6927117
6927414
6929964
6929982
6930004
6930030
6930034
6930060
6933183
6933186
6933189
6933191
6933192
6933204
6936509
6936511
6936512
6936522
6936910
6939751
6939771
6939791
6939797
6939814
6940117
6940130
6940149
6943097
6943105
6943108
6943405
6943407
6943409
6943451
6946329
6946345
6946358
6946373
6946376
6946379
6946390
6946696
6946716
6947275
6949397
6949415
6949458
6949459
6949461
6949761
6949796
6951775
6951784
6953724
6953726
6955926
6955932
6955982
6958286
6958526
6960510
6960514
6960519
6962822
6962838
6962843
6962872
6962875
6963119
6964885
6964892
6964897
6964906
6964908
6964923
6965171
6967136
6967137
6967167
6967375
6967376
6967377
6967384
6969625
6969648
6969659
6972209
6972220
6972243
6972247
6972250
6972443
6972461
6974722
6974736
6974981
6977194
6979393
6982196
6982227
6982230
6982460
6984564
6984591
6984593
6985674
6987042
6987050
6987067
6987289
6989058
6989105
6989282
6989297
6989308
6989317
6989318
6989322
6989323
6991971
6991979
6991998
6992002
6992014
6992368
6993814
6995051
6995065
6995084
6995094
6998290
6998327
6998332
6998666
7001827
7001844
7002194
7002209
7002214
7005319
7005334
7005371
7005665
7005686
7008803
7008852
7008871
7009258
7009694
7009811
7011980
7012316
7012440
7014094
7015082
7015140
7015146
7015150
7015152
7015581
7018551
7018873
7018891
7018916
7019402
7022246
7022544
7022622
7022626
7023055
7023093
7026202
7026247
7026249
7026259
7026706
7029951
7029964
7029966
7030008
7030012
7030031
7033870
7033881
7033927
7034400
7037744
7037753
7037769
7037770
7037794
7037798
7037818
7037819
7037824
7037834
7038231
7038299
7038319
7041232
7041525
7041538
7041552
7041553
7041571
7041581
7041600
7041607
7045372
7045453
7045464
7045472
7045562
7045862
7049209
7049247
7049662
7049695
7052625
7052925
7052937
7052958
7053401
7056773
7056782
7056794
7056820
7056837
7057244
7059049
7060539
7060546
7060553
7060585
7060612
7060624
7060626
7063756
7064013
7064019
7064025
7064027
7064050
7064064
7064414
7067366
7067368
7067371
7067400
7067437
7067902
7071031
7071047
7071072
7071097
7071099
7071103
7071122
7071530
7071532
7073960
7074666
7074684
7074686
7074707
7074715
7074719
7076178
7078247
7078248
7078259
7078300
7078301
7078320
7078814
7081387
7081393
7081397
7083898
7083998
7084024
7084050
7084060
7084079
7084462
7084660
7085143
7085658
7087470
7087471
7087477
7087486
7087499
7087506
7087513
7087531
7087532
7087940
7088000
7088131
7091069
7091078
7091081
7091095
7091128
7091551
7094614
7094616
7094634
7094651
7095104
7098054
7098057
7098067
7098070
7098083
7098136
7098536
7101741
7101744
7101745
7101762
7101763
7101768
7101782
7101784
7101806
7101817
7102145
7102166
7102204
7102233
7105360
7105385
7105391
7105398
7105440
7105445
7105934
7107469
7108797
7109093
7109116
7109584
7111257
7112470
7112481
7112502
7112535
7112861
7113881
7115210
7115463
7115921
7118986
7118995
7118997
7118999
7119003
7119012
7122472
7125458
7125785
7129097
7129126
7129129
7129130
7129138
7129159
7129169
7132316
7132318
7132322
7132323
7132324
7132325
7132339
7135124
7135346
7135375
7135391
7135398
7138308
7138313
7138319
7139630
7141457
7144471
7144767
7144769
7144787
7145167
7145212
7151023
7151029
7153737
7153738
7153776
7157341
7160771
7160772
7163851
7163864
7163866
7163867
7163883
7166521
7166904
7167806
7169226
7169674
7169698
7170083
7172930
7172968
7173303
7175966
7176089
7176107
7176116
7176119
7176484
7176508
7179758
7180107
7180706
7183130
7183142
7183175
7183182
7183573
7183613
7183780
7186573
7186590
7186625
7186633
7186660
7187081
7187085
7189595
7189644
7190042
7190046
7190079
7192787
7192868
7192874
7195971
7195972
7196014
7198990
7198995
7202132
7202136
7202154
7202187
7202513
7205163
7205206
7205207
7205216
7205237
7207096
7208133
7208414
7211474
7211490
7211496
7211507
7212698
7214548
7214593
7214603
7214608
7214623
7214935
7217604
7217628
7217629
7217647
7217655
7218984
7220626
7220662
7221024
7223653
7223654
7223669
7223670
7223684
7223691
7223697
7226816
7226825
7227183
7227268
7229877
7229885
7229889
7229909
7229934
7229936
7230335
7232695
7232711
7232745
7232774
7233071
7235464
7235487
7235812
7235875
7238547
7238565
7238589
7241649
7241668
7242055
7242072
7247534
7247536
7247546
7247547
7247569
7247924
7247946
7250311
7250330
7250347
7250351
7250363
7250778
7251872
7253034
7253065
7253066
7253070
7253073
7253096
7253098
7253100
7253105
7253106
7253116
7253510
7256078
7256081
7256114
7256146
7256148
7256399
7256415
7259049
7259420
7262084
7262087
7262451
7262484
7264982
7265005
7265010
7265013
7265018
7265019
7265417
7268028
7268033
7268049
7268082
7268397
7271034
7271043
7271044
7271049
7271079
7271700
7273770
7273777
7273785
7273794
7273800
7273803
7273804
7273806
7274080
7274217
7276384
7276450
7276751
7276796
7278207
7279411
7279413
7279426
7282391
7282403
7282404
7282423
7282425
7282430
7282435
7282441
7282458
7282799
7285440
7285472
7285473
7285474
7285477
7285480
7285488
7285826
7287325
7288292
7288417
7288443
7288445
7288446
7288451
7288474
7288475
7288478
7288482
7288492
7288829
7288839
7291516
7291528
7291539
7291568
7294440
7294543
7294554
7294565
7294869
7297582
7297583
7297601
7297618
7300807
7300825
7300867
7301236
7302651
7303949
7303952
7303968
7303994
7304000
7305320
7306970
7306983
7307011
7307467
7308662
7309626
7309649
7309653
7309660
7309898
7309901
7312134
7312141
7312487
7312529
7314786
7314789
7314790
7314794
7314802
7316940
7316971
7317215
7317217
7320918
7321005
7323370
7323374
7323382
7323410
7323761
7323780
7326610
7326651
7327008
7329361
7329567
7329596
7329600
7329602
7329613
7329941
7329948
7332424
7332436
7332821
7334320
7335563
7335575
7335577
7335588
7335599
7335969
7335980
7336086
7336105
7338818
7338895
7341902
7341917
7341920
7341948
7342290
7342301
7344907
7344919
7344955
7344959
7344962
7344965
7344983
7345305
7347953
7348210
7348216
7348225
7348226
7348250
7348251
7348253
7348261
7348270
7348280
7348638
7348658
7351604
7351639
7351648
7351666
7352034
7352064
7354777
7354779
7354798
7354805
7354806
7354822
7354867
7354872
7354874
7355271
7357977
7358120
7358122
7358130
7358140
7358148
7358164
7358166
7358172
7358182
7358573
7358586
7359054
7361539
7361556
7361581
7361584
7361611
7361993
7364958
7365001
7365399
7365408
7368302
7368354
7368355
7368358
7368393
7368712
7371684
7371689
7374980
7374987
7374988
7374998
7375000
7375021
7375034
7375039
7375413
7376852
7378318
7378324
7378336
7378338
7378350
7378357
7378678
7381343
7381577
7381585
7381590
7381594
7381609
7381610
7381623
7381627
7381635
7381637
7381655
7381659
7381997
7382029
7384824
7384829
7384830
7384835
7384838
7384842
7384851
7384852
7384854
7384868
7384878
7385257
7385839
7387911
7387924
7387925
7387937
7387974
7388224
7388244
7388277
7390720
7390721
7390730
7390745
7390748
7391023
7391097
7393701
7393703
7393730
7393732
7393735
7393738
7393739
7393751
7393776
7393777
7393779
7394113
7394145
7394273
7394657
7396407
7396694
7396713
7396714
7396747
7396757
7396758
7396762
7396776
7397556
7399646
7399664
7399665
7399686
7399696
7400015
7402442
7402463
7402466
7402532
7402890
7405106
7405108
7405129
7405139
7405147
7405152
7405153
7405154
7405436
7405458
7407875
7407879
7407883
7407890
7410833
7410844
7410846
7410852
7410862
7410894
7410919
7411305
7413941
7413967
7416923
7416941
7416986
7417290
7419611
7419907
7422983
7423303
7425278
7425483
7425497
7427545
7427550
7427551
7435622
7435627
7435652
7435653
7435671
7435674
7435676
7436029
7436030
7436057
7439081
7439108
7439109
7439110
7439123
7439128
7439135
7439144
7439145
7439149
7439151
7439170
7439172
7439173
7439174
7439180
7439302
7442579
7442583
7442585
7442586
7442595
7442612
7442614
7442647
7442650
7443026
7445966
7445977
7445987
7445988
7446004
7446005
7446007
7446025
7446040
7446057
7446058
7446062
7447273
7449378
7452758
7452761
7452767
7452784
7453113
7453272
7456045
7456046
7456074
7456081
7456095
7456098
7456099
7456115
7456420
7456463
7459266
7459360
7459367
7459382
7459384
7459389
7459785
7459913
7460932
7462506
7462509
7462522
7462525
7462528
7462547
7462858
7465615
7465642
7465649
7468320
7468330
7468886
7470069
7470570
7470578
7470597
7470613
7470615
7470616
7470629
7470929
7473577
7473580
7473587
7473593
7473594
7473605
7473607
7473608
7473610
7473618
7473626
7473633
7473636
7473643
7473648
7473656
7473946
7473975
7473979
7473997
7475368
7476573
7476578
7476579
7476580
7476914
7477811
7479306
7479396
7479406
7479410
7479418
7479436
7479437
7479439
7479447
7479683
7479701
7479869
7480605
7480990
7482180
7482197
7482209
7482216
7482232
7482243
7482258
7482261
7482270
7482282
7482615
7482656
7482673
7482675
7483285
7485487
7485506
7485508
7485510
7485516
7485518
7485519
7485520
7485525
7485537
7485539
7485540
7485564
7485567
7485572
7485573
7485582
7485891
7485910
7485965
7486097
7488624
7488630
7488640
7488642
7488643
7488656
7488658
7488659
7488660
7488661
7488677
7488679
7488680
7488682
7489039
7491561
7491563
7491573
7491578
7491585
7491588
7491589
7491598
7491604
7491614
7491617
7491618
7491623
7491631
7491632
7491643
7491658
7491948
7491994
7492029
7493186
7494841
7494850
7494852
7494861
7494886
7494891
7494896
7494912
7494916
7494919
7495254
7497959
7498198
7498208
7498216
7498235
7498236
7498250
7498254
7498256
7498271
7498602
7498622
7498640
7500208
7501294
7501318
7501345
7501353
7504299
7504309
7504311
7504314
7504336
7504337
7504700
7504718
7504727
7506794
7507591
7507631
7510323
7510904
7510916
7510939
7510960
7514271
7514276
7514290
7514323
7514327
7514339
7514361
7514370
7516879
7517716
7517718
7517731
7517736
7517764
7517789
7517790
7517795
7517802
7517806
7518145
7518850
7521280
7521287
7521307
7521308
7521327
7521336
7521345
7521346
7521359
7521367
7521376
7521377
7521808
7521950
7521952
7524694
7524698
7524740
7525176
7527188
7528027
7528035
7528048
7528050
7528056
7528065
7528066
7528067
7528493
7528494
7531367
7531384
7531386
7531388
7531392
7531407
7531423
7531444
7534626
7534651
7534667
7534669
7534696
7534710
7535069
7537114
7537709
7537941
7537951
7537985
7537997
7538004
7538006
7538029
7538391
7538432
7539051
7541203
7541247
7541272
7541277
7541608
7541613
7541629
7544527
7544546
7544577
7544578
7544602
7544608
7544609
7544610
7544750
7547576
7547582
7547608
7547616
7547641
7547930
7547947
7550303
7550313
7550323
7550330
7550337
7550338
7550351
7550354
7550359
7550361
7550364
7550369
7550370
7550789
7550840
7553696
7553709
7553760
7556972
7556979
7557023
7557424
7557597
7560310
7560312
7560326
7560328
7560345
7560347
7560360
7560361
7560375
7560382
7560387
7560753
7560784
7560946
7563636
7563657
7563670
7563704
7563710
7563714
7564086
7564118
7566482
7566593
7566599
7566609
7566613
7566629
7566631
7566632
7566637
7566649
7566651
7566653
7566946
7569434
7569442
7569446
7569447
7569450
7569459
7569466
7569469
7569475
7569489
7572682
7572689
7572692
7572701
7572724
7572726
7572739
7573085
7573115
7575970
7576003
7579272
7579616
7581314
7582516
7582534
7585704
7585716
7585722
7585740
7585758
7585764
7585765
7586139
7587298
7588879
7592245
7592247
7595010
7595232
7595247
7598097
7598147
7598166
7598169
7598540
7598545
7598616
7601569
7601602
7601627
7601628
7601646
7605072
7605075
7605077
7605081
7605447
7606033
7608390
7608489
7608496
7608506
7608538
7608851
7608909
7611911
7611923
7611931
7611953
7611954
7611979
7612446
7615405
7615418
7615435
7615454
7615457
7615477
7615828
7618841
7618853
7618857
7618866
7618872
7618891
7622357
7622364
7622737
7625790
7625792
7625815
7626220
7626244
7629192
7629202
7629233
7629264
7632724
7633079
7635620
7635643
7635656
7638381
7638406
7622341
7244644
7446036
7485521
7494918
7119016
7615482
7595233
7396724
7442619
7485524
7531401
6506341
6743642
7517767
6566228
6630379
6740539
6451648
6498061
6501131
6509226
6509624
6518151
6518616
6521493
6528383
6531412
6548357
6569769
6579759
6607984
6709947
6750113
6784091
6815317
6887783
6905944
6914320
6927172
6960532
7001835
7122439
7122462
7211446
7241696
7482215
7494915
6806182
6124141
6140208
6150670
6190971
6194736
6210995
6251710
6329704
6348388
6361880
6387754
6387782
6420216
6426251
6426269
6429068
6429091
6436585
6686668
6696759
6767781
6838334
6887761
6972266
7061787
7387930
6190955
6057220
6605838
6897107
7091103
6426247
6268293
6200894
6465285
6503798
7061018
7135724
7462527
7491660
7598572
7585773
7622386
7393746
7541134
6022796
6194755
6265278
6495439
6518145
6027968
6110792
6057250
6525371
7494938
6043166
7289864
7502660
6030855
7507633
7303972
6667205
6391661
6096655
7369947
6022766
7572650
6913965
7205185
7348252
7416905
6762119
6069022
6479368
6333274
6605521
7349762
6140236
6030881
7459388
7488687
7553758
7470562
7615432
7541288
7541290
6228701
6107177
6020262
6066570
6090671
6096664
6130145
6149830
6150231
6271093
6271578
6074903
6013937
6924223
6974779
6989321
7067422
7078341
7172969
7212878
7235440
7202186
7517814
7501352