6010917
6010930
6010932
6010935
6010941
6010949
6010953
6010961
6010964
6010967
6010969
6011307
6012469
6013535
6013543
6013557
6013560
6013566
6013943
6015729
6015760
6017772
6017776
6017782
6017789
6017827
6017829
6019037
6022750
6022783
6022787
6025212
6025215
6025220
6025221
6025225
6025232
6025236
6025261
6025262
6025269
6025271
6025276
6025278
6027790
6027860
6027967
6027970
6027984
6027990
6028002
6028763
6030847
6030857
6031263
6031287
6033992
6037218
6037248
6037261
6039577
6039851
6040205
6040208
6040209
6040221
6040239
6040245
6043107
6043117
6043119
6043134
6043151
6043507
6044851
6046094
6046098
6046111
6048656
6048744
6048750
6048753
6048755
6048763
6048778
6048781
6049093
6051149
6051449
6051480
6051501
6051502
6051511
6054172
6054173
6054191
6054334
6054395
6054396
6054768
6057176
6057198
6057200
6057231
6057235
6057238
6059879
6060339
6060343
6060351
6060355
6060378
6060386
6060395
6060783
6063650
6063656
6063673
6063700
6063705
6063712
6063713
6066507
6066509
6066514
6066515
6066517
6066528
6066539
6066544
6066548
6066549
6066552
6066553
6066559
6066576
6067507
6067680
6068892
6069028
6069053
6069059
6069064
6069075
6069087
6071754
6071757
6071771
6072236
6074896
6074902
6074924
6074926
6074945
6074953
6074957
6074960
6075274
6075278
6077723
6077729
6077732
6077740
6077755
6077785
6077790
6077792
6080032
6080645
6080653
6080655
6080672
6080675
6082375
6083767
6083768
6083773
6083777
6083799
6083803
6083820
6083821
6083831
6083849
6087221
6087239
6087240
6087254
6087263
6087270
6087273
6087700
6090636
6090644
6090647
6090655
6090670
6090677
6090683
6090685
6090693
6090707
6090708
6090721
6090723
6090727
6091845
6093596
6093615
6093623
6093643
6093652
6093655
6093661
6093956
6095159
6096571
6096589
6096596
6096626
6096636
6096640
6096650
6096660
6097076
6099604
6100144
6100156
6100162
6100175
6100176
6100180
6100185
6100186
6100189
6100198
6103547
6103565
6103570
6103579
6103595
6103612
6103613
6103627
6103636
6103637
6103638
6105588
6106677
6107105
6107109
6107111
6107119
6107122
6107137
6107145
6107152
6107157
6107176
6107178
6107183
6107189
6107196
6107214
6107688
6108092
6110760
6110761
6110765
6110774
6110777
6110788
6110789
6110798
6110805
6110820
6110830
6111744
6113992
6114190
6114222
6114223
6114232
6114240
6114252
6114254
6114255
6114868
6117351
6117693
6117696
6117708
6117716
6117720
6117721
6117728
6117761
6117764
6117767
6117788
6117791
6117793
6117797
6119675
6121070
6121081
6121084
6121131
6121133
6121134
6121673
6122187
6123862
6124140
6124150
6124151
6124163
6124164
6124167
6124173
6124195
6124205
6124207
6124214
6124643
6126989
6127192
6127195
6127236
6127239
6127242
6127245
6127249
6127270
6127287
6130106
6130137
6130140
6130160
6130468
6132798
6132802
6133053
6133056
6133057
6133065
6133068
6133108
6133123
6133133
6133156
6133159
6133161
6133600
6136137
6136637
6136670
6136689
6136690
6136703
6136720
6136767
6137186
6139915
6140149
6140151
6140154
6140160
6140172
6140181
6140200
6140203
6140214
6140219
6140230
6140244
6140245
6140249
6140253
6143362
6143580
6143581
6143589
6143591
6143611
6143615
6143616
6143620
6143627
6143631
6143636
6143639
6143649
6143655
6143667
6144068
6146919
6146922
6146925
6146936
6146959
6146961
6146967
6147010
6147011
6149828
6150188
6150201
6150204
6150208
6150211
6150226
6150253
6150257
6150265
6150277
6150638
6153501
6153527
6153529
6153532
6155247
6156374
6156589
6156604
6156607
6156612
6156630
6156632
6156638
6156641
6156669
6156674
6159764
6159769
6159790
6159813
6159818
6159828
6159852
6159855
6159867
6160312
6162499
6162662
6162666
6162693
6162703
6162721
6162737
6162738
6162744
6163066
6163476
6165804
6165808
6165814
6165815
6165817
6165827
6165828
6165833
6165834
6165836
6165838
6165853
6165856
6165863
6165887
6165889
6168969
6168986
6169021
6169037
6169329
6171872
6171925
6171943
6171948
6171952
6171964
6174752
6174755
6174761
6174764
6174780
6174784
6174785
6174806
6174816
6174821
6175155
6176752
6177127
6177145
6177311
6177328
6177333
6177339
6177346
6177361
6180449
6180452
6180481
6180485
6180494
6180500
6180504
6180508
6180525
6180527
6183813
6184064
6184067
6184086
6184096
6184127
6184136
6184146
6184153
6184465
6184571
6185473
6186392
6187604
6187618
6187621
6187628
6187631
6187673
6187677
6187681
6187690
6188097
6189582
6190494
6190929
6190930
6190945
6190950
6190960
6190965
6190972
6190989
6190992
6190996
6191037
6191040
6191047
6192899
6194229
6194235
6194243
6194251
6194262
6194264
6194286
6194305
6194308
6194315
6194319
6194321
6194326
6194327
6194720
6194738
6194746
6194783
6196096
6197607
6197620
6197628
6197634
6197662
6198144
6200832
6200833
6200835
6200839
6200842
6200874
6200889
6200892
6200895
6200901
6200906
6200909
6201219
6201287
6204072
6204077
6204093
6204095
6204106
6204110
6204114
6204142
6204143
6204145
6204149
6204156
6204166
6204171
6204172
6204173
6204175
6204178
6204179
6204196
6204206
6204521
6207467
6207474
6207512
6207523
6207529
6207548
6207559
6207564
6207571
6207578
6207587
6207630
6208947
6210984
6210985
6210992
6210993
6211007
6211015
6211026
6211033
6211037
6211039
6211049
6211052
6211053
6211054
6211073
6211078
6211093
6211545
6211562
6214127
6214635
6214641
6214652
6214687
6214697
6214707
6214711
6214716
6214726
6214727
6214729
6215145
6215151
6215172
6217949
6218216
6218237
6218256
6218259
6218288
6218293
6218295
6218297
6218316
6218698
6219908
6221564
6221691
6221695
6221708
6221711
6221729
6221748
6221753
6221763
6221779
6222257
6222271
6223331
6223432
6224713
6224936
6224942
6225142
6225147
6225157
6225159
6225165
6225172
6225174
6225208
6225228
6225232
6225237
6227955
6228548
6228667
6228677
6228687
6228710
6228738
6228740
6228772
6228775
6229174
6232145
6232146
6232148
6232168
6232176
6232190
6232191
6232210
6232213
6232218
6232219
6232229
6232232
6232243
6232247
6233194
6233722
6235145
6235213
6235545
6235551
6235554
6235562
6235569
6235571
6235578
6235605
6235613
6235622
6235630
6235638
6235639
6235646
6238270
6238942
6238955
6238957
6238969
6238971
6238976
6238994
6238999
6239012
6239028
6239029
6242271
6242301
6242302
6242304
6242335
6242816
6245191
6245594
6245604
6245615
6245631
6245644
6245646
6245671
6245674
6248001
6248611
6248671
6248962
6249050
6251470
6251693
6251702
6251708
6251714
6251785
6251802
6251807
6252308
6255156
6255159
6255171
6255186
6255196
6255209
6255212
6255213
6255216
6255228
6255720
6255769
6258466
6258609
6258623
6258624
6258655
6258660
6258664
6258671
6258709
6258718
6258724
6258728
6258729
6259036
6259525
6261635
6261850
6261854
6261865
6261888
6261899
6261913
6261922
6261940
6261947
6261948
6261964
6262485
6263566
6265232
6265245
6265281
6265282
6265297
6265299
6265764
6266268
6267817
6268250
6268275
6268282
6268292
6271056
6271067
6271071
6271073
6271126
6271131
6271139
6271141
6271152
6271153
6272236
6274253
6274390
6274423
6274479
6274482
6274486
6274498
6274936
6276996
6277671
6277673
6277674
6277680
6277687
6277701
6277704
6277728
6277731
6277737
6277746
6277758
6277759
6279563
6280646
6280924
6281042
6281044
6281056
6281058
6281070
6281072
6281083
6281091
6281100
6281101
6281103
6281104
6281109
6281122
6281123
6281124
6281125
6281131
6281142
6281543
6284316
6284571
6284573
6284643
6284648
6284651
6284655
6284656
6284660
6284676
6287879
6287887
6287919
6287927
6287932
6287935
6287937
6287942
6287958
6287978
6290863
6291265
6291276
6291280
6291289
6291323
6291340
6291341
6291358
6291359
6291363
6291364
6294410
6294418
6294452
6294455
6294459
6294461
6294464
6294824
6294825
6297092
6297103
6297124
6297129
6297156
6297171
6297175
6297521
6299463
6300163
6300170
6300187
6300188
6300193
6300199
6300213
6300214
6300219
6300243
6300253
6300782
6300786
6303434
6303445
6303469
6303488
6303492
6303500
6303515
6303526
6303965
6306681
6306696
6306703
6306705
6306726
6306727
6306754
6306766
6306768
6306774
6306775
6306776
6307226
6309907
6309913
6309935
6309941
6309946
6309950
6309954
6309967
6309973
6309975
6309978
6312486
6312558
6312965
6312984
6312986
6312988
6312997
6313022
6313026
6313031
6313035
6313038
6313046
6314641
6315859
6316285
6316290
6316305
6316308
6316312
6316326
6316327
6316353
6316356
6316360
6316363
6316370
6316372
6318381
6319333
6319354
6319420
6319756
6319764
6319773
6319774
6319779
6319800
6319813
6319832
6319856
6320202
6322712
6322954
6323046
6323048
6323076
6323080
6323081
6323085
6323087
6323088
6323101
6323104
6323124
6323133
6323138
6323139
6323511
6323514
6325017
6326222
6326238
6326242
6326244
6326245
6326250
6326277
6326295
6326303
6326321
6326505
6326697
6329109
6329213
6329220
6329221
6329222
6329263
6329267
6329286
6329301
6329686
6329832
6331442
6331448
6331453
6331461
6331465
6331482
6331488
6331493
6331495
6331720
6333205
6333225
6333240
6333243
6333254
6333256
6333264
6333539
6333555
6335049
6335221
6335225
6335230
6335234
6335237
6335246
6335254
6335270
6335282
6335292
6337227
6337237
6337243
6337244
6337261
6337266
6337274
6337285
6337286
6338880
6339011
6339026
6340612
6340613
6340624
6340627
6340637
6342165
6342417
6342435
6342437
6342445
6342724
6344091
6344364
6344376
6344378
6344382
6344418
6346439
6346455
6348365
6348366
6348380
6348400
6348403
6348411
6348412
6350388
6350634
6350635
6350638
6350648
6350679
6350686
6350691
6350704
6350706
6350708
6351034
6352422
6352647
6352866
6352916
6352925
6352932
6352933
6352944
6352946
6353268
6355299
6355504
6355506
6355507
6355508
6355536
6355549
6355551
6355561
6355566
6355580
6355966
6358756
6358763
6358787
6358788
6358793
6358801
6358812
6358833
6358857
6358862
6359302
6362022
6362038
6362039
6362043
6362086
6362088
6362105
6362114
6362642
6363329
6365421
6365434
6365437
6365448
6365453
6365486
6365489
6365490
6365497
6365501
6365507
6365515
6365519
6365530
6365952
6368398
6368518
6368887
6368896
6368897
6368919
6368962
6368986
6368988
6372519
6372530
6372552
6372574
6372601
6372618
6372624
6372629
6372637
6372639
6372643
6372657
6372662
6372669
6373084
6373132
6375754
6375792
6376277
6376282
6376284
6376287
6376297
6376301
6376305
6376317
6376327
6376358
6376369
6376370
6376380
6376381
6376390
6376922
6379981
6379982
6379983
6379991
6380023
6380026
6380080
6380086
6380100
6380103
6380563
6380596
6380611
6383334
6383825
6383828
6383839
6383848
6383851
6383861
6383868
6383871
6383875
6383881
6383886
6383887
6383924
6383934
6383951
6384466
6387289
6387714
6387716
6387717
6387718
6387731
6387732
6387748
6387802
6387812
6387816
6387828
6390853
6391670
6391680
6391681
6391688
6391709
6391710
6391726
6391734
6391735
6391738
6391746
6391755
6391756
6391778
6391779
6391793
6391794
6391801
6391805
6392291
6395565
6395566
6395579
6395597
6395600
6395602
6395613
6395614
6395615
6395620
6395623
6395628
6395630
6395632
6395647
6396100
6396119
6396134
6399416
6399425
6399459
6399464
6399492
6399504
6399982
6399983
6400552
6403387
6403390
6403414
6403429
6403430
6403442
6403449
6403457
6403458
6403493
6403499
6404005
6406927
6406943
6406944
6406954
6406957
6406959
6406977
6406998
6407000
6407452
6409577
6409936
6410352
6410367
6410370
6410380
6410385
6410406
6410420
6410427
6410453
6410459
6410951
6410968
6412497
6413788
6413812
6413823
6413825
6413831
6413834
6413855
6413858
6413862
6413875
6414351
6417015
6417016
6417018
6417024
6417027
6417028
6417040
6417076
6417085
6417102
6417104
6417113
6417117
6417561
6419554
6420195
6420214
6420219
6420230
6420249
6420250
6420256
6420257
6420259
6420262
6420268
6420270
6420275
6420742
6423380
6423579
6423581
6423582
6423606
6423609
6423613
6423616
6423617
6423620
6423621
6423624
6423626
6423631
6423649
6424882
6426233
6426234
6426243
6426287
6426288
6426289
6426291
6426292
6426295
6426306
6426528
6426564
6426898
6429036
6429044
6429065
6429069
6429070
6429071
6429086
6429087
6429120
6429124
6429125
6429127
6429133
6429146
6429151
6429525
6429528
6432724
6432732
6432752
6432764
6432765
6432793
6432796
6432813
6432818
6432833
6432840
6432841
6432844
6433378
6433413
6436732
6436748
6436752
6436788
6436805
6436818
6436831
6436844
6436847
6437417
6440230
6440319
6440382
6440762
6440772
6440777
6440795
6440799
6440812
6440817
6440825
6440837
6440850
6440860
6440862
6440871
6441320
6444041
6444478
6444482
6444497
6444501
6444520
6444529
6444537
6444556
6444558
6444572
6444577
6444579
6444586
6444588
6444590
6444818
6447634
6448129
6448133
6448141
6448143
6448664
6451451
6451504
6451624
6451629
6451646
6451658
6451661
6451678
6451683
6451685
6451692
6451705
6451709
6451714
6452017
6453914
6455349
6455351
6455354
6455362
6455365
6455367
6455370
6455372
6455394
6455400
6455406
6455407
6455423
6455424
6455439
6455441
6455933
6455939
6458624
6458625
6458645
6458649
6458651
6458652
6458654
6458663
6458685
6458687
6458699
6458700
6458714
6458721
6461881
6461894
6461909
6461915
6461926
6461930
6461931
6461950
6461963
6461964
6461967
6461970
6461976
6461982
6461983
6461985
6462273
6462313
6464550
6465275
6465298
6465314
6465319
6465326
6465331
6465373
6465375
6465873
6468852
6468854
6468859
6468883
6468891
6468905
6468909
6468912
6468925
6469336
6469775
6471879
6472239
6472240
6472252
6472260
6472263
6472264
6472280
6472309
6472320
6472321
6472322
6472323
6472325
6472328
6472756
6472901
6473328
6475814
6475831
6475850
6475851
6475852
6475855
6475856
6475880
6475883
6475899
6475911
6475920
6475921
6475927
6476433
6478978
6479326
6479332
6479340
6479370
6479377
6479378
6479379
6479381
6479388
6479393
6479861
6479880
6482674
6482689
6482691
6482693
6482707
6482731
6482735
6482736
6484060
6485572
6485778
6485989
6486004
6486018
6486020
6486026
6486027
6486030
6486060
6486074
6486108
6486536
6489183
6489186
6489192
6489194
6489199
6489215
6489219
6489226
6489235
6489244
6492187
6492192
6492228
6492233
6492241
6492243
6492267
6492273
6492279
6492285
6495395
6495400
6495406
6495410
6495427
6495428
6495434
6495436
6495450
6495457
6495458
6495459
6495468
6495471
6495921
6497827
6498052
6498062
6498063
6498065
6498088
6498101
6498109
6498110
6498362
6498363
6498739
6500682
6500692
6500697
6500709
6500730
6500738
6500744
6500746
6501114
6501165
6501176
6503777
6503781
6503783
6503790
6503805
6503822
6503839
6503842
6503851
6504756
6506625
6506628
6506629
6506645
6506666
6506671
6506679
6506681
6506689
6509205
6509213
6509227
6509239
6509245
6509248
6509250
6509256
6509258
6509272
6509278
6509281
6511576
6511863
6511868
6511879
6511892
6511896
6511900
6511906
6511912
6514422
6514787
6514795
6514797
6514798
6514820
6514828
6514842
6515325
6515931
6518094
6518098
6518117
6518121
6518172
6518178
6518181
6518186
6518198
6521507
6521534
6521536
6521544
6521953
6522008
6522023
6522571
6523254
6524346
6524867
6524874
6524875
6524881
6524891
6524901
6524907
6524912
6524921
6524922
6524951
6524953
6524960
6524975
6526191
6527999
6528364
6528396
6528408
6528429
6528436
6528834
6528890
6528894
6530995
6531192
6531335
6531337
6531338
6531339
6531340
6531342
6531345
6531352
6531391
6531401
6531407
6531763
6531765
6533893
6533953
6534335
6534341
6534342
6534357
6534368
6534408
6534409
6534420
6534780
6534785
6534855
6535413
6537427
6537677
6537842
6537850
6537853
6537856
6537871
6537891
6537903
6537910
6537912
6537915
6537922
6541067
6541303
6541353
6541362
6541391
6541395
6544435
6544803
6544820
6544821
6544842
6544846
6544864
6544871
6544876
6544880
6544881
6544895
6544902
6544908
6545314
6545498
6547979
6548107
6548110
6548111
6548339
6548340
6548347
6548352
6548372
6548376
6548383
6548390
6548392
6548397
6548401
6548405
6548407
6548408
6548683
6551845
6551852
6551863
6551864
6551876
6551878
6551893
6551917
6551935
6551940
6552383
6552394
6552910
6555276
6555399
6555400
6555402
6555412
6555426
6555432
6555455
6555460
6555463
6555471
6555473
6555478
6555487
6555896
6555898
6558570
6558966
6558979
6559007
6559032
6559053
6559054
6559057
6559072
6559076
6562637
6562641
6562661
6562684
6562689
6562726
6562730
6564979
6566147
6566195
6566206
6566222
6566253
6566682
6566701
6566702
6566731
6569689
6569709
6569715
6569727
6569753
6569774
6573169
6573175
6573182
6573199
6573552
6576480
6576494
6576495
6576496
6576531
6576538
6576542
6576547
6576553
6576557
6576561
6576564
6576570
6576939
6576960
6576964
6576978
6576979
6579140
6579738
6579744
6579746
6579751
6579756
6579763
6579799
6579803
6580157
6580957
6582512
6582992
6582994
6583002
6583006
6583022
6583028
6583038
6583042
6583060
6583518
6586277
6586285
6586290
6586304
6586792
6586820
6587892
6589414
6589594
6589803
6589809
6589810
6589812
6589820
6589821
6589838
6589839
6589843
6589851
6589867
6589876
6589877
6589882
6589884
6592777
6593171
6593183
6593192
6593196
6593201
6593203
6593206
6593218
6593221
6593234
6594611
6596565
6596577
6596583
6596595
6596596
6596606
6596632
6596636
6596641
6596642
6596647
6596648
6596651
6599365
6599571
6599776
6599789
6599799
6599800
6599805
6599817
6599822
6599832
6599836
6599840
6600191
6602117
6602380
6602430
6602730
6602750
6602778
6602785
6602795
6602796
6602798
6602807
6605159
6605488
6605489
6605502
6605532
6605533
6605539
6605863
6607599
6607937
6607943
6607944
6607946
6607953
6607956
6607965
6607966
6607974
6607975
6607987
6608343
6610211
6610212
6610566
6610568
6610587
6610591
6610610
6611018
6611019
6611053
6613189
6613587
6613590
6613617
6613628
6613656
6613662
6613671
6613673
6613674
6613675
6613681
6613702
6614072
6614085
6617198
6617201
6617206
6617222
6617230
6617239
6617246
6617248
6617250
6617256
6617262
6617634
6617635
6617687
6620534
6620633
6620638
6620640
6620648
6620654
6620672
6620680
6620706
6620731
6620734
6620740
6620742
6623987
6624006
6624021
6624022
6624024
6624033
6624057
6624059
6624072
6624085
6624088
6624089
6624519
6627465
6627474
6627492
6627508
6627524
6627529
6627549
6627550
6627932
6629425
6630365
6630371
6630372
6630391
6630400
6630403
6630410
6630685
6630701
6631069
6632693
6632719
6632727
6632732
6632736
6632743
6633084
6635335
6635499
6635530
6635540
6635547
6635552
6635558
6635560
6635562
6635568
6635574
6635948
6636415
6638399
6638792
6638809
6638820
6638831
6638834
6638842
6638843
6639266
6639267
6642084
6642140
6642155
6645788
6645798
6645806
6645814
6645844
6645845
6645846
6645865
6645874
6647542
6649444
6649453
6649466
6649467
6649469
6649470
6649476
6649518
6649519
6649522
6649543
6649545
6652764
6653154
6653173
6653184
6653187
6653193
6653195
6653196
6653199
6653208
6653220
6653234
6653236
6653241
6653243
6653683
6656402
6656754
6656767
6656769
6656813
6656835
6656839
6658144
6660558
6660600
6660610
6660611
6660620
6660631
6660644
6660657
6660658
6664130
6664131
6664139
6664159
6664171
6664175
6664198
6664589
6664611
6664634
6664646
6666986
6667218
6667219
6669738
6670231
6670238
6670256
6670284
6670288
6670289
6670681
6673649
6673650
6673663
6673669
6673670
6673675
6673689
6673692
6673701
6673707
6673713
6673715
6673726
6674158
6675053
6676484
6676845
6677165
6677209
6677250
6677252
6677636
6677658
6677681
6680078
6680213
6680229
6680246
6680255
6680518
6680864
6682602
6682943
6682946
6682954
6682955
6682969
6682970
6682972
6682979
6682984
6682997
6682998
6683003
6683005
6683357
6686220
6686235
6686238
6686246
6686268
6686275
6686288
6686295
6686298
6687989
6689622
6689624
6689635
6689649
6689657
6689660
6689661
6689685
6689693
6690094
6692978
6692987
6693007
6693012
6693014
6693015
6693025
6693034
6693048
6696224
6696314
6696330
6696336
6696339
6696359
6696360
6696368
6699734
6699742
6699743
6699752
6699777
6699781
6699791
6702647
6703260
6703263
6703268
6703272
6703303
6703309
6703319
6703325
6703326
6703327
6703640
6703714
6704188
6706555
6706557
6706559
6706560
6706565
6706594
6706597
6706608
6706632
6707147
6709795
6709878
6709887
6709893
6709896
6709937
6709945
6709956
6709958
6709967
6709968
6709978
6709980
6709983
6710462
6713234
6713312
6713313
6713339
6713346
6713348
6713350
6713355
6713378
6713384
6713404
6716089
6716644
6716682
6716685
6716687
6716716
6716719
6716745
6716754
6716758
6716759
6716763
6716766
6716769
6719012
6719550
6720195
6720215
6720216
6720221
6720265
6720266
6720272
6720609
6722376
6722963
6723476
6723577
6723597
6723599
6723602
6723618
6723623
6727116
6727137
6727139
6727140
6727150
6727158
6727168
6727173
6727175
6727190
6727192
6729928
6730526
6730543
6730547
6730553
6730559
6730567
6730575
6730584
6730592
6730609
6730954
6730994
6730999
6731016
6734032
6734051
6734062
6734071
6734121
6735111
6737283
6737299
6737312
6737313
6737317
6737320
6737328
6737346
6737356
6737723
6737726
6737730
6740248
6740252
6740545
6740546
6740552
6740554
6740573
6740574
6740575
6740578
6740583
6740593
6740597
6740923
6740957
6740983
6743641
6743644
6743658
6743681
6743696
6743699
6743716
6743720
6743724
6743736
6746893
6746894
6746895
6746899
6746907
6746916
6746917
6746921
6746922
6746930
6746934
6746937
6746952
6747327
6747359
6750069
6750070
6750089
6750091
6750107
6750110
6750154
6750490
6753220
6753241
6753243
6753254
6753262
6753264
6753271
6753547
6753584
6753618
6756240
6756251
6756253
6756264
6756265
6756266
6756268
6756283
6756293
6756298
6756301
6756616
6756619
6756653
6756673
6757971
6759285
6759288
6759298
6759306
6759307
6759320
6759330
6759343
6759712
6762068
6762074
6762079
6762093
6762125
6762132
6762451
6762503
6762924
6764882
6764895
6764901
6764933
6764934
6764935
6764943
6764956
6767759
6767778
6767784
6767785
6767795
6767811
6767815
6767817
6767823
6770164
6770491
6770514
6770537
6770538
6770571
6770574
6770924
6770927
6773495
6773502
6773938
6773955
6773957
6773960
6773965
6773968
6773980
6773981
6773984
6774006
6774022
6774035
6774049
6774050
6774058
6774443
6774459
6774480
6774491
6777261
6777268
6777289
6777290
6777291
6777297
6777306
6777308
6777330
6777346
6777351
6777715
6777744
6777770
6778441
6780652
6780653
6780654
6780655
6780666
6780669
6780675
6780680
6780706
6780721
6780728
6780732
6780740
6780744
6780746
6780758
6780762
6780766
6780792
6781174
6781235
6781248
6783694
6783695
6783995
6784013
6784018
6784023
6784024
6784026
6784043
6784049
6784052
6784062
6784069
6784076
6784083
6784094
6784108
6784111
6784113
6784120
6784122
6784124
6785120
6787370
6787373
6787382
6787390
6787394
6787396
6787399
6787400
6787401
6787413
6787428
6787429
6787447
6787449
6787450
6787463
6787465
6787472
6787473
6787477
6787479
6787482
6787877
6787888
6790663
6790684
6790702
6790706
6790708
6790721
6790725
6790732
6790738
6790762
6790764
6790781
6790783
6790786
6790791
6791131
6791870
6794214
6794224
6794238
6794239
6794245
6794246
6794255
6794261
6794284
6794289
6794307
6794735
6796313
6797545
6797558
6797573
6797596
6797600
6797601
6797612
6797616
6797628
6800504
6800505
6800517
6800520
6800521
6800560
6800561
6800927
6800937
6803278
6803280
6803286
6803303
6803316
6803326
6805615
6806123
6806137
6806143
6806175
6806187
6806197
6806209
6806523
6806575
6808947
6808971
6808976
6808982
6808983
6808989
6808994
6809014
6809025
6809389
6809918
6812064
6812068
6812087
6812095
6812100
6812103
6812109
6812110
6812112
6812129
6812137
6812138
6812139
6812146
6812150
6812154
6812160
6812530
6815251
6815253
6815261
6815287
6815303
6815308
6815314
6815327
6815344
6815368
6815372
6815374
6815375
6815804
6815826
6818460
6818481
6818496
6818500
6818501
6821802
6821808
6821836
6821838
6821852
6821855
6822848
6824698
6825077
6825081
6825095
6825107
6825109
6825113
6825135
6825572
6828173
6828175
6828193
6828227
6828228
6828230
6828233
6828238
6828252
6828256
6828656
6828683
6830500
6830954
6830961
6830963
6830972
6830975
6830977
6830983
6831001
6831019
6831047
6831301
6831319
6831370
6833084
6833278
6833280
6833281
6833285
6833291
6833308
6833317
6833329
6833559
6833623
6835592
6835599
6835604
6835617
6835619
6835634
6835637
6835638
6835643
6835650
6835654
6835659
6835664
6835668
6835674
6837942
6838293
6838295
6838307
6838319
6838331
6838337
6838338
6838353
6838365
6838367
6838373
6838375
6838382
6838390
6841408
6841418
6841422
6841423
6841424
6841438
6841463
6841474
6841478
6842370
6844052
6844203
6844205
6844216
6844217
6844230
6844243
6844252
6844253
6844255
6844256
6844260
6844261
6844618
6846736
6846738
6846739
6847051
6849464
6849492
6849493
6849494
6849501
6849537
6849544
6849557
6852550
6852591
6852593
6852611
6852613
6852618
6852622
6852627
6852642
6852999
6853058
6853069
6853587
6855572
6855574
6855594
6855623
6855628
6855631
6858444
6858453
6858460
6858465
6858467
6858469
6858472
6858482
6858493
6858504
6858507
6858523
6858525
6858526
6858534
6858535
6858536
6858538
6858891
6858894
6858927
6858937
6861287
6861290
6861309
6861311
6861326
6861330
6861345
6861351
6861353
6861355
6861367
6861695
6861727
6864125
6864138
6864139
6864153
6864155
6864166
6864186
6864561
6867064
6867093
6867114
6867131
6867148
6867449
6869811
6869826
6869827
6869828
6869869
6869877
6872600
6872639
6872640
6872659
6872660
6872671
6873015
6875371
6875626
6875632
6875640
6875646
6875679
6875697
6875707
6876066
6878300
6878396
6878568
6878569
6878585
6878587
6878602
6879507
6881127
6881277
6881606
6881607
6881623
6881624
6881627
6881628
6881636
6881642
6881652
6881663
6881667
6881682
6882003
6882021
6882031
6884462
6884475
6884642
6884653
6884654
6884657
6884658
6884687
6884691
6884692
6884706
6884716
6884718
6884723
6884725
6884739
6885087
6885542
6887521
6887719
6887740
6887749
6887753
6887755
6887763
6887774
6887787
6888212
6888217
6888749
6889430
6890775
6890787
6890790
6890801
6890812
6890814
6890818
6890842
6890843
6890844
6890847
6890858
6890863
6890865
6890867
6891217
6893904
6893905
6893933
6893949
6893952
6893957
6893958
6893961
6893984
6894368
6896760
6897082
6897089
6897092
6897096
6897120
6897160
6897511
6897512
6897513
6897571
6900077
6900078
6900079
6900080
6900106
6900107
6900116
6900119
6900122
6900128
6900138
6900459
6900549
6902940
6902952
6902956
6902973
6902984
6902985
6902995
6903001
6903003
6903005
6903010
6903014
6903018
6903367
6903396
6903420
6903449
6903464
6905918
6905946
6905953
6905955
6905956
6905973
6905974
6905975
6906396
6906415
6906424
6908569
6908639
6908784
6908795
6908798
6908803
6908807
6908808
6908827
6908839
6908849
6908868
6909194
6909196
6909929
6911355
6911357
6911367
6911371
6911381
6911388
6911737
6912778
6913523
6913952
6913966
6913988
6913997
6914017
6916668
6916683
6916699
6916707
6916710
6916723
6917087
6918301
6918960
6918965
6919220
6919229
6919254
6919257
6919266
6919612
6919645
6920688
6921318
6921692
6921696
6921702
6921708
6921710
6921725
6921728
6921953
6923045
6924168
6924186
6924188
6924190
6924194
6924195
6924197
6924522
6924969
6927089
6927090
6927122
6927135
6927170
6927179
6929960
6929984
6929993
6930015
6930017
6930029
6930039
6930041
6930058
6930901
6933170
6933193
6933207
6933221
6933224
6933231
6933232
6933524
6933552
6933665
6934065
6936489
6936507
6936513
6936534
6936536
6936539
6936540
6936547
6936549
6936849
6936894
6939723
6939739
6939744
6939746
6939761
6939764
6939794
6939799
6939813
6939817
6940172
6940181
6943065
6943073
6943078
6943083
6943090
6943094
6943106
6943107
6943416
6943432
6946302
6946325
6946347
6946353
6946357
6946378
6946389
6946392
6946393
6946395
6946407
6949158
6949402
6949407
6949427
6949430
6949445
6949453
6949464
6949477
6949479
6949821
6949839
6949943
6950178
6951777
6951779
6951786
6951789
6951790
6951791
6951805
6951813
6951981
6952108
6953375
6953531
6953699
6953700
6953701
6953706
6953720
6953721
6953730
6953743
6953749
6955940
6955941
6955960
6955968
6955979
6955996
6958246
6958263
6958267
6958268
6958287
6958297
6958300
6958302
6958528
6958901
6960513
6960534
6960538
6962824
6962826
6962833
6962841
6962846
6962866
6964881
6964886
6964896
6964901
6964903
6964909
6964910
6964915
6967113
6967121
6967125
6967127
6967132
6967134
6967146
6967154
6967159
6967164
6967170
6967348
6967383
6967497
6969301
6969618
6969631
6969632
6969677
6969681
6969918
6970053
6972200
6972214
6972223
6972227
6972249
6972257
6974718
6974725
6974757
6974773
6974774
6974780
6974965
6975021
6977211
6977214
6977221
6977225
6977230
6979370
6979595
6979596
6979598
6979601
6979607
6979631
6979641
6979653
6979857
6979880
6981237
6982177
6982191
6982203
6982207
6982228
6982450
6982486
6982894
6984301
6984537
6984544
6984545
6984547
6984549
6984570
6984583
6984592
6984891
6987031
6987037
6987055
6987058
6987073
6989108
6989285
6989335
6991740
6991960
6991970
6991981
6991988
6995026
6995041
6995043
6995057
6995059
6995072
6995080
6995081
6995419
6995442
6995443
6998311
6998314
6998334
6998341
6998344
6998345
6998356
6998657
6998667
6998683
6998697
7001779
7001795
7001816
7001845
7005316
7005342
7005344
7005379
7005697
7005878
7007375
7008816
7008822
7008823
7008824
7008843
7008845
7008854
7008885
7009188
7009241
7010451
7011978
7011984
7012000
7012006
7012010
7012024
7012294
7014535
7014537
7015063
7015098
7015111
7015113
7015151
7015525
7015533
7018863
7018869
7018871
7018889
7018908
7018936
7018937
7019351
7019378
7019410
7022418
7022533
7022553
7022555
7022570
7022579
7022604
7022605
7022612
7022618
7022620
7022623
7023031
7023043
7023051
7026191
7026222
7026243
7026646
7026694
7026717
7027328
7029592
7029923
7029926
7029931
7029949
7029954
7029963
7029985
7030010
7030014
7030034
7030037
7030042
7030405
7030410
7030499
7033514
7033867
7033884
7033920
7033939
7033946
7033954
7034353
7037730
7037751
7037756
7037764
7037771
7037775
7037808
7037829
7037840
7037848
7037860
7037862
7038286
7041513
7041532
7041533
7041537
7041547
7041548
7041550
7041556
7041570
7041575
7041595
7041606
7041609
7042080
7043830
7045277
7045405
7045430
7045439
7045449
7045454
7049153
7049173
7049191
7049192
7049196
7049206
7049219
7049231
7049237
7049238
7049244
7049700
7051741
7052617
7052922
7052923
7052953
7052957
7052972
7052987
7052997
7053010
7053444
7056762
7056771
7056784
7056806
7056812
7056823
7056833
7057263
7057285
7057289
7060514
7060526
7060569
7060570
7060599
7060608
7060615
7060631
7060637
7061092
7061119
7063985
7064002
7064006
7064007
7064010
7064036
7064052
7064058
7064069
7064080
7064447
7067348
7067378
7067385
7067411
7067414
7067415
7067416
7067421
7067426
7067429
7067438
7067442
7067465
7067466
7067894
7067905
7068432
7070659
7071012
7071020
7071021
7071030
7071043
7071049
7071055
7071056
7071058
7071067
7071078
7071098
7071117
7071120
7071421
7071505
7071508
7071534
7074648
7074673
7074717
7074724
7075173
7075829
7078239
7078243
7078249
7078264
7078266
7078267
7078284
7078308
7078327
7078328
7078342
7078356
7078770
7081385
7081398
7081416
7081421
7082678
7083425
7083988
7084004
7084012
7084013
7084015
7084058
7084067
7084078
7084490
7084514
7086927
7087182
7087454
7087460
7087468
7087478
7087481
7087490
7087511
7087525
7087527
7087534
7087535
7087954
7091059
7091060
7091061
7091064
7091065
7091067
7091085
7091087
7091101
7091113
7091124
7091131
7091611
7093358
7094117
7094131
7094618
7094628
7094631
7094636
7094657
7094673
7094682
7094690
7094695
7094699
7094700
7097782
7098068
7098105
7098122
7098128
7101727
7101730
7101737
7101738
7101747
7101756
7101767
7101770
7101771
7101778
7101779
7101792
7101813
7101814
7101815
7102184
7105065
7105366
7105380
7105386
7105388
7105402
7105403
7105405
7105411
7105431
7105432
7105437
7105441
7105461
7105914
7105930
7109056
7109059
7109063
7109068
7109089
7109105
7109106
7109112
7109113
7109115
7110299
7112454
7112471
7112479
7112482
7112484
7112485
7112488
7112491
7112494
7112503
7112508
7112513
7112520
7112531
7112533
7112542
7112543
7112544
7115451
7115458
7115480
7115489
7115492
7115493
7115495
7115504
7115506
7115509
7115512
7115515
7115524
7115525
7115527
7115528
7115529
7115853
7115970
7115981
7118683
7118950
7118960
7118966
7119024
7119025
7119031
7119033
7119034
7119388
7122389
7122390
7122404
7122408
7122411
7122420
7122422
7122425
7122453
7122464
7122475
7122480
7122829
7125748
7125749
7125768
7125781
7125800
7125804
7125809
7125815
7126182
7126195
7129114
7129128
7129156
7129160
7129180
7129188
7129535
7129553
7129724
7132299
7132348
7132355
7132366
7132371
7132734
7135345
7135363
7135369
7135381
7135401
7135417
7135421
7135444
7135780
7136302
7137193
7138287
7138290
7138334
7138653
7138724
7141472
7141511
7141847
7144779
7144810
7145225
7145798
7146720
7148083
7148102
7148118
7148134
7148715
7150390
7151013
7151024
7151026
7151030
7151037
7151040
7151041
7151054
7151056
7151273
7153707
7153719
7153721
7153731
7153736
7153741
7153746
7153751
7153753
7153754
7153769
7153775
7153777
7153778
7153779
7153788
7155300
7157302
7157305
7157310
7157324
7157353
7157364
7157385
7160738
7160785
7160788
7160795
7160801
7160817
7161217
7162796
7163017
7163641
7163837
7163845
7163893
7164161
7164182
7166479
7166495
7166509
7166527
7166539
7166543
7166885
7166886
7169248
7169645
7169662
7169666
7169673
7169685
7169691
7169693
7170103
7170184
7172947
7172949
7173304
7173317
7173339
7176065
7176073
7176077
7176079
7176086
7176087
7176093
7176096
7176109
7176118
7179681
7179703
7179706
7179716
7179717
7179730
7182669
7183133
7183134
7183138
7183164
7183185
7183191
7183194
7183208
7183220
7186576
7186589
7186608
7186636
7186638
7186642
7186643
7186664
7189583
7189593
7189600
7189602
7189606
7189607
7189611
7189623
7189626
7189634
7189642
7189662
7192495
7192806
7192824
7192827
7192828
7192829
7192888
7192889
7192892
7192893
7193273
7195940
7195947
7195957
7195995
7195999
7196007
7196020
7196394
7198693
7198974
7198980
7198999
7199005
7199017
7199023
7199037
7199050
7199449
7202098
7202104
7202127
7202129
7202138
7202171
7202183
7202520
7205218
7205221
7205223
7205227
7205229
7205245
7205248
7205526
7205654
7208323
7208335
7208368
7208407
7208410
7208412
7208793
7210224
7211200
7211479
7211492
7211499
7211512
7214125
7214547
7214566
7214575
7214602
7214613
7214614
7214616
7214618
7214621
7214978
7214994
7215027
7215838
7216009
7217589
7217596
7217597
7217606
7217614
7217615
7217617
7217630
7217634
7217661
7218003
7218452
7220312
7220615
7220616
7220634
7220656
7220663
7220665
7220670
7220683
7221018
7221020
7223626
7223627
7223674
7223678
7226803
7226809
7226813
7226845
7226857
7226861
7226863
7226872
7229865
7229890
7229895
7229905
7229924
7230343
7232713
7232721
7232728
7232747
7232754
7235409
7235419
7235431
7235446
7235448
7235457
7235459
7235468
7235480
7235488
7235493
7235494
7235497
7235498
7235499
7235501
7235865
7238543
7238544
7238599
7238613
7238616
7239025
7239933
7241654
7241655
7241658
7241661
7241662
7241673
7241705
7242057
7242067
7242213
7244637
7244646
7244648
7244659
7244663
7244665
7244678
7244681
7244682
7245145
7247520
7247521
7247561
7247570
7247581
7247584
7248063
7250321
7250328
7250338
7250367
7250378
7250380
7250687
7253022
7253025
7253047
7253052
7253053
7253064
7253085
7253089
7253102
7253104
7253117
7253118
7253122
7253390
7253957
7255803
7256068
7256069
7256074
7256115
7256116
7256123
7256138
7257884
7259064
7259066
7259079
7259093
7259415
7261832
7262053
7262074
7262089
7262099
7262102
7262110
7262121
7262123
7262130
7262132
7262134
7262135
7262136
7262405
7262505
7262612
7263768
7264988
7265012
7265016
7265052
7265328
7265453
7267999
7268004
7268012
7268013
7268018
7268022
7268023
7268030
7268031
7268034
7268035
7268039
7268054
7268057
7268059
7268067
7268072
7268078
7269898
7271016
7271018
7271025
7271027
7271036
7271037
7271050
7271051
7271052
7271053
7271057
7271060
7271064
7271065
7271071
7271072
7271077
7271085
7271086
7271089
7271092
7271096
7271106
7271413
7271437
7271438
7271445
7271482
7273566
7273769
7273778
7273779
7273784
7273788
7273791
7273793
7273796
7273797
7273802
7273809
7273816
7273817
7274059
7274061
7276387
7276393
7276397
7276409
7276413
7276414
7276416
7276418
7276426
7276433
7276442
7276446
7276448
7276449
7276455
7276733
7279353
7279366
7279377
7279379
7279395
7279396
7279398
7279407
7279414
7279419
7279435
7279762
7279780
7282131
7282387
7282390
7282392
7282397
7282400
7282401
7282408
7282409
7282433
7282439
7282440
7282443
7282447
7282457
7282762
7282784
7285442
7285468
7285502
7285811
7288431
7288441
7288757
7291519
7291543
7291555
7291563
7291895
7294527
7294545
7294549
7294556
7294567
7294570
7294578
7294897
7297412
7297563
7297617
7297623
7297637
7297639
7298000
7298025
7300821
7300839
7300857
7300870
7300873
7301221
7303637
7303931
7303938
7303939
7303991
7304368
7306954
7306974
7306991
7309623
7311942
7312101
7312120
7312159
7312163
7312164
7312494
7314812
7314821
7314822
7314837
7316063
7316981
7317220
7319071
7319075
7319605
7320911
7320933
7321455
7323353
7323380
7323400
7323412
7323424
7323737
7326591
7326597
7326606
7326607
7326611
7326647
7327016
7327034
7327592
7327628
7329168
7329552
7329558
7329573
7329576
7329607
7329615
7329618
7329910
7329917
7329924
7329945
7329949
7332372
7332376
7332388
7332389
7332401
7332408
7332418
7332419
7332442
7332773
7332820
7335525
7335533
7335571
7335958
7335988
7338851
7338856
7338866
7338889
7339228
7341502
7341881
7341901
7341906
7341909
7341931
7341947
7341951
7341957
7344061
7344899
7344921
7344937
7344942
7344946
7344948
7344969
7344975
7344977
7348205
7348209
7348215
7348234
7348236
7348237
7348238
7348671
7348674
7351620
7351628
7351640
7351659
7352019
7352023
7352602
7354793
7354795
7354812
7354842
7354863
7355267
7358103
7358117
7358131
7358139
7358146
7358154
7358161
7358170
7358171
7358178
7358185
7358188
7358554
7359607
7361559
7361569
7361596
7361614
7363694
7364934
7364966
7364981
7364985
7364997
7365027
7365028
7365384
7365420
7365424
7365773
7367343
7368320
7368339
7368343
7368344
7368362
7368366
7368372
7368374
7368378
7368381
7368382
7368389
7368391
7368399
7368402
7368416
7368790
7368800
7371263
7371333
7371587
7371608
7371612
7371627
7371642
7371647
7371676
7371697
7374964
7374990
7374993
7375004
7375009
7375014
7375026
7375033
7375036
7378290
7378311
7378313
7378316
7378342
7378353
7378354
7378704
7378719
7378737
7380328
7381573
7381591
7381647
7384805
7384840
7384847
7384849
7385232
7385240
7385412
7387866
7387902
7387908
7387909
7387912
7387939
7387940
7387959
7388251
7388290
7389581
7390685
7390687
7390690
7390710
7390712
7390738
7390740
7390746
7390756
7391117
7391637
7393736
7393741
7393743
7393753
7393770
7393783
7393785
7393789
7393796
7393798
7396447
7396570
7396699
7396702
7396720
7396774
7396779
7396781
7398595
7399424
7399499
7399657
7399666
7399671
7399714
7402451
7402453
7402489
7402498
7402512
7402516
7402518
7402526
7402533
7402850
7402861
7405101
7405110
7405487
7407830
7407885
7407892
7408265
7410856
7410863
7410867
7410898
7410903
7410910
7410911
7410917
7410918
7411254
7411262
7413500
7413928
7413946
7413948
7413952
7413962
7413979
7413981
7414297
7414299
7414661
7416472
7416913
7416933
7416943
7416958
7416994
7419299
7419841
7419852
7419854
7419865
7419871
7419895
7419913
7420238
7422924
7422927
7422948
7422960
7422966
7422978
7422986
7423311
7425461
7425462
7425463
7425470
7425472
7425491
7425499
7425507
7427514
7427535
7427536
7427570
7427798
7429494
7429514
7429515
7429535
7429536
7429541
7429767
7432121
7432148
7432152
7432166
7432197
7432212
7432214
7432548
7432593
7435536
7435620
7435636
7435641
7435688
7436020
7436067
7439136
7439138
7439140
7439152
7439155
7439157
7439158
7439169
7439194
7439195
7439564
7440255
7442319
7442578
7442600
7442608
7442633
7442643
7442655
7445951
7445973
7445990
7445991
7445996
7446028
7446385
7449368
7449390
7449391
7449410
7452732
7452759
7452760
7452766
7452770
7452816
7453115
7453152
7455956
7456054
7459336
7459346
7459362
7459363
7459393
7459739
7459742
7459764
7459773
7462510
7462534
7462559
7465406
7465488
7465607
7465608
7465616
7465627
7465650
7468105
7468108
7468323
7468534
7470552
7470563
7470576
7470583
7470590
7470606
7470625
7470628
7470631
7470632
7470635
7470638
7473582
7473596
7473613
7473615
7473637
7473644
7473645
7476556
7476586
7476588
7479413
7479440
7482176
7482190
7482229
7482239
7482284
7482687
7485497
7485504
7485513
7485526
7485528
7485544
7485548
7485562
7485587
7488514
7488618
7488641
7488651
7488664
7488665
7488685
7489028
7491570
7491602
7491608
7491636
7491641
7491650
7494873
7494889
7494894
7494910
7494922
7494925
7494939
7495277
7495316
7497958
7498230
7498231
7498240
7498247
7498258
7498260
7498265
7498606
7498647
7501309
7501313
7501329
7504284
7504285
7504298
7504310
7504687
7507672
7508016
7508024
7510897
7510954
7510961
7510966
7510983
7511326
7514291
7514324
7514366
7517704
7517743
7517744
7517749
7517753
7517754
7517758
7517783
7517786
7517797
7517798
7518184
7518237
7521296
7521322
7521354
7521355
7521356
7521371
7521373
7521378
7521705
7521794
7524756
7528007
7528037
7528043
7528064
7528424
7531373
7531379
7531395
7531421
7531443
7531453
7534660
7534681
7534694
7535103
7535112
7537966
7537994
7538001
7538028
7538036
7538392
7538413
7541242
7541270
7544554
7544563
7544584
7544592
7544596
7544604
7544615
7544622
7544624
7544987
7544989
7544990
7547559
7547579
7547599
7547604
7547617
7547640
7547877
7550315
7550339
7550340
7550341
7550345
7550380
7550818
7553688
7553697
7553699
7553735
7553770
7557001
7557002
7557006
7557013
7557015
7557024
7557032
7557047
7557048
7557452
7560305
7560335
7560336
7560371
7560390
7560392
7560393
7560395
7560723
7560793
7560799
7563631
7563666
7563679
7563723
7563730
7566600
7566601
7566620
7569414
7569418
7569453
7569468
7569473
7569484
7569485
7572670
7572678
7572695
7572710
7572725
7572731
7573006
7573088
7573108
7573116
7573136
7575953
7575978
7575999
7576012
7576400
7579235
7579240
7579242
7579267
7579278
7580279
7582549
7582561
7582562
7582570
7585707
7585725
7585728
7585741
7585753
7585782
7586144
7588982
7588988
7589008
7589010
7589015
7589029
7589369
7591959
7592212
7592218
7592242
7592246
7592251
7595521
7598132
7598134
7598165
7598167
7598181
7601547
7601562
7601586
7601591
7601593
7601595
7601598
7601649
7602001
7602009
7602630
7604527
7605028
7605030
7605033
7605034
7605350
7605417
7606448
7608195
7608196
7608495
7608876
7611944
7611959
7611971
7611980
7612393
7615164
7615438
7618874
7618890
7618901
7622049
7622321
7622355
7622365
7622377
7625495
7625766
7625776
7625794
7625795
7625803
7626219
7628680
7629024
7629249
7629250
7629266
7629641
7629686
7632702
7632737
7632747
7633157
7633159
7635079
7635604
7635611
7635623
7635630
7638357
7638392
7638436
7638813