Samsung
6010940
6013549
6013572
6013576
6015723
6015748
6015758
6017777
6022753
6025223
6025246
6025248
6025250
6027971
6028001
6028005
6028774
6028986
6031982
6033989
6037215
6037237
6037267
6037269
6037272
6037662
6040219
6043132
6043165
6046474
6048737
6048743
6048773
6051492
6054391
6056783
6057213
6057251
6060362
6066538
6066556
6071775
6071792
6071802
6071827
6074907
6074918
6074930
6074940
6074944
6077573
6077716
6077772
6078493
6080593
6080613
6080616
6080622
6080673
6081308
6083782
6083808
6083826
6087226
6087233
6087257
6087264
6087712
6090632
6090662
6090704
6093605
6093622
6093653
6096592
6097078
6100102
6100151
6100203
6103554
6103626
6104050
6107143
6110766
6110773
6114212
6114237
6117350
6117715
6117765
6117766
6117773
6117785
6118158
6121110
6121115
6121118
6121146
6124153
6124202
6124216
6127218
6130124
6130138
6133078
6133103
6133109
6133116
6133141
6133148
6136629
6136641
6136657
6136701
6139700
6140174
6140223
6140233
6140242
6143602
6143654
6143659
6144064
6146935
6146965
6146994
6150185
6150206
6150249
6150281
6153469
6153502
6156605
6156636
6156644
6157199
6159774
6159778
6159810
6159811
6159820
6159823
6159849
6162501
6162671
6162672
6162675
6162690
6162700
6165840
6165841
6165900
6165904
6168990
6168992
6169002
6169009
6169020
6171926
6171942
6171950
6174809
6177284
6177290
6177309
6177320
6178390
6180447
6180448
6180457
6180482
6183589
6184075
6184078
6184079
6184085
6187615
6187651
6187676
6187686
6194263
6194281
6194309
6194760
6197608
6197615
6197636
6197639
6197670
6197683
6200414
6200849
6200855
6200903
6204122
6204161
6204191
6207478
6207480
6207484
6207487
6207488
6207489
6207490
6207519
6207557
6207574
6207588
6211005
6211010
6211082
6211094
6214637
6214663
6214676
6214688
6214689
6214702
6214735
6214751
6218204
6218220
6218260
6218263
6218272
6218273
6218283
6218291
6218296
6221714
6221742
6221778
6225150
6225199
6226563
6228714
6228723
6228739
6228762
6229171
6231918
6232155
6232189
6232225
6232228
6232239
6235552
6235555
6235573
6235623
6236102
6238968
6238970
6238973
6239015
6239022
6239030
6242276
6242328
6242332
6242358
6245490
6245620
6245624
6245632
6248636
6248640
6248654
6248667
6251715
6251746
6251790
6255130
6255181
6255187
6255194
6255224
6255716
6256077
6258608
6258645
6258684
6258691
6258726
6261849
6261890
6261970
6262446
6265261
6265264
6265284
6265290
6268252
6268265
6268273
6269281
6271105
6271124
6271134
6274906
6274931
6277678
6277702
6277712
6277764
6278160
6281076
6284567
6284589
6284591
6284632
6284646
6287878
6287899
6287902
6287930
6287965
6287971
6287981
6291308
6291342
6294315
6294425
6294805
6297090
6297153
6300152
6300192
6300215
6300233
6303412
6305390
6306672
6306719
6312987
6312990
6313020
6316358
6319785
6319824
6319828
6320243
6323064
6323084
6323517
6323558
6325676
6326270
6326282
6326322
6326669
6328043
6329249
6329266
6329276
6329294
6331443
6331469
6331478
6333219
6333224
6333227
6333241
6333242
6333251
6333260
6335211
6335233
6335240
6335276
6335279
6335284
6335285
6335287
6337216
6337221
6337245
6337267
6337275
6337282
6339251
6340405
6340609
6340625
6342416
6342451
6344380
6346473
6346724
6346733
6348363
6348375
6348376
6348378
6350642
6350649
6352864
6352915
6352922
6355515
6355547
6355554
6358829
6359295
6365457
6365928
6365941
6368906
6368909
6368914
6369008
6372535
6372555
6372556
6372598
6372606
6372616
6372626
6372672
6376279
6376303
6376325
6376355
6376368
6376874
6380032
6380098
6380579
6383831
6383838
6383862
6383877
6383882
6383949
6387738
6387774
6387776
6388268
6391119
6391673
6391704
6391714
6391715
6391736
6391749
6391769
6391803
6399451
6399457
6399476
6399491
6403406
6403409
6403431
6403455
6403495
6406949
6406955
6406967
6407459
6410375
6410414
6413853
6414333
6417089
6417097
6417547
6423580
6423589
6423608
6423639
6423654
6426308
6429057
6429107
6432746
6432795
6432820
6432834
6432838
6432843
6433380
6436611
6436758
6436809
6436812
6437405
6440760
6440761
6444486
6448112
6448113
6448115
6448130
6448146
6448149
6448651
6451223
6451630
6451635
6451651
6451663
6451684
6451691
6451694
6451708
6455408
6458638
6458653
6458680
6458692
6458701
6459115
6461911
6461924
6461937
6461975
6464794
6465310
6465337
6465346
6465351
6465866
6466882
6468099
6468664
6468916
6468924
6469759
6472269
6472319
6475857
6475891
6475914
6476459
6479337
6479343
6479354
6479365
6479390
6479399
6479405
6479850
6482662
6482696
6482708
6482715
6482728
6483145
6486039
6486053
6486508
6486517
6486531
6489195
6489201
6489214
6489239
6489252
6492198
6492239
6492260
6495381
6495383
6495433
6495467
6495477
6498044
6498047
6498081
6498092
6498102
6498105
6498370
6499492
6500726
6500747
6500763
6501189
6503789
6503829
6506680
6506682
6507086
6507626
6509255
6509263
6509280
6511888
6511894
6511919
6513538
6514862
6518140
6518149
6518157
6518642
6518645
6518671
6521495
6524876
6524880
6524902
6524915
6528333
6528344
6528368
6528394
6528430
6531360
6531388
6531392
6534361
6534400
6534813
6537837
6537862
6537875
6537876
6537888
6537914
6541290
6541328
6541822
6544802
6544845
6544861
6544873
6545358
6547919
6548319
6548349
6548374
6548388
6548419
6551848
6551887
6552438
6555394
6555409
6555428
6555450
6555462
6559025
6559029
6559487
6562651
6562697
6562707
6562727
6563190
6566207
6566229
6566241
6566275
6566704
6567308
6569743
6569746
6569782
6571384
6573120
6573125
6573139
6573146
6573147
6573168
6573180
6573545
6573551
6573563
6576502
6576513
6576970
6579794
6580111
6580134
6582982
6583004
6583008
6583025
6583056
6583478
6583486
6583920
6585907
6586275
6586284
6586286
6586340
6589831
6589837
6589848
6593149
6593188
6593190
6593207
6594898
6596087
6596149
6596186
6596581
6596605
6596607
6596626
6596633
6596649
6599792
6599806
6599807
6600686
6602773
6602782
6602789
6604012
6607938
6607954
6607955
6607959
6607983
6608377
6610565
6610596
6613621
6613629
6613647
6613683
6613693
6617203
6617232
6617253
6617259
6617700
6620681
6620685
6620686
6620690
6621111
6623798
6624019
6624041
6624054
6624069
6624080
6624464
6624496
6627514
6627540
6630387
6632705
6632748
6635504
6635522
6635532
6635536
6635539
6635582
6635586
6638805
6638855
6642074
6642105
6642107
6642125
6642135
6642144
6645849
6645866
6645879
6649464
6649471
6649490
6649502
6649503
6649508
6649510
6652911
6653155
6653180
6653186
6653210
6653225
6653228
6653238
6656783
6656790
6656791
6656806
6656808
6656814
6660573
6660580
6660587
6660589
6660594
6660599
6660613
6662799
6664119
6664123
6664140
6664650
6667186
6667209
6667253
6670206
6670239
6670250
6670268
6670689
6670751
6673673
6673706
6673718
6676846
6677200
6677217
6677634
6677639
6678018
6678031
6680224
6680251
6680511
6682959
6682961
6682975
6682986
6682987
6683001
6683010
6683339
6683364
6683666
6685846
6686239
6686240
6686259
6686266
6686620
6689427
6689631
6689648
6689654
6689659
6689668
6689696
6690093
6692795
6692997
6693013
6693032
6693325
6696324
6696328
6696353
6696739
6699725
6699749
6699762
6699773
6699790
6699793
6699799
6700153
6703280
6703306
6703657
6706569
6706573
6706613
6706633
6706646
6709915
6709920
6709931
6709964
6709970
6709972
6710466
6710843
6713310
6713440
6716660
6716679
6716689
6716699
6716704
6716732
6716746
6717196
6719808
6719917
6719918
6720201
6720206
6720269
6720275
6720276
6720579
6720667
6723607
6723644
6723647
6723662
6724052
6727130
6727156
6727163
6730539
6730565
6730570
6730619
6730956
6730975
6734065
6736306
6737292
6737308
6737335
6737694
6737706
6737980
6740169
6740531
6740550
6740587
6740955
6740977
6742561
6743678
6743695
6744097
6746951
6746972
6747292
6749762
6750092
6750525
6753193
6753221
6753227
6753235
6756292
6756319
6756654
6759281
6762091
6762126
6762135
6762615
6764862
6764910
6764941
6764955
6764961
6765255
6766210
6767756
6767757
6767787
6767813
6767814
6767834
6768660
6770540
6773995
6774016
6774023
6774029
6774034
6774048
6774055
6774392
6774433
6774969
6777274
6777322
6777341
6777343
6777345
6777806
6780663
6780707
6780734
6780750
6780768
6781211
6784055
6784097
6784479
6784481
6787393
6787448
6787460
6787468
6787796
6787857
6790693
6790716
6791152
6791196
6794211
6794247
6794263
6794306
6794711
6797559
6797561
6797570
6797575
6797579
6797618
6799713
6800525
6800549
6800564
6800570
6802911
6803241
6803276
6803292
6805602
6806108
6806135
6806139
6806140
6806157
6806180
6806183
6806188
6806517
6806528
6806545
6808975
6809004
6809397
6812059
6812090
6812111
6812480
6812567
6815221
6815226
6815227
6815230
6815236
6815238
6815257
6815267
6815275
6815285
6815288
6815294
6815300
6815320
6815331
6815335
6815350
6815361
6815370
6815764
6815784
6815794
6818473
6818480
6818489
6818509
6818510
6818511
6818531
6818542
6818551
6818944
6821862
6825082
6825091
6825121
6828167
6828190
6828210
6828218
6828229
6828236
6828254
6831012
6833288
6833310
6833567
6833621
6835585
6835588
6835594
6835598
6835621
6835624
6835970
6836399
6838127
6838330
6838341
6841416
6841425
6841427
6841793
6841801
6841807
6843257
6843809
6844223
6844229
6844233
6844239
6844240
6844569
6844587
6844627
6846710
6847078
6847109
6849477
6849517
6849520
6849536
6849555
6849870
6849873
6849889
6852581
6852607
6852620
6852625
6853028
6855267
6855575
6855590
6855591
6855597
6855603
6855629
6855641
6857470
6858443
6858452
6858505
6858521
6858529
6858533
6858907
6859602
6861313
6861327
6861347
6861369
6861686
6861699
6864130
6864132
6864154
6864162
6864179
6867055
6867070
6867082
6867094
6867096
6867098
6867108
6867141
6867453
6869835
6869839
6869864
6869872
6869891
6870187
6870948
6872590
6872618
6875644
6875649
6875666
6875670
6875678
6875690
6875706
6875997
6876405
6878570
6878575
6878580
6878584
6878597
6878598
6878614
6881621
6881626
6881630
6881637
6881645
6881650
6881659
6881999
6884650
6884673
6884675
6884677
6884693
6884705
6884710
6884731
6887137
6887720
6887742
6888261
6890820
6890823
6890841
6891222
6893889
6893894
6893908
6893915
6893982
6894305
6894313
6895666
6897080
6897106
6897109
6897115
6897145
6897153
6900089
6900090
6900102
6900120
6900457
6902943
6902959
6902989
6902998
6903024
6903567
6905917
6905927
6905960
6906341
6906385
6906776
6908785
6908819
6908848
6908977
6911362
6911364
6911372
6911397
6911402
6911740
6913939
6913953
6913969
6913972
6913979
6913984
6914001
6914013
6914301
6916711
6916738
6919214
6919243
6919513
6919597
6919640
6924207
6924228
6924234
6927077
6927119
6927126
6927131
6927143
6927166
6927444
6928719
6929956
6929997
6929999
6930008
6930013
6930014
6930050
6930054
6930062
6930341
6933161
6933195
6933213
6933245
6933247
6933568
6936528
6936533
6936884
6939765
6939780
6940114
6943081
6943084
6946320
6946328
6946341
6946342
6946346
6946372
6949429
6949773
6951785
6951814
6952028
6953739
6953741
6953744
6953745
6955726
6955972
6955983
6958252
6960500
6960507
6960515
6960527
6962840
6962855
6962876
6963094
6964743
6964922
6965281
6967150
6969639
6969643
6969650
6969658
6969673
6969889
6970209
6974748
6974752
6977197
6977200
6979604
6979614
6979628
6982199
6982205
6982219
6982223
6984539
6984568
6984594
6984877
6985830
6986609
6989288
6989313
6989338
6991980
6991986
6991993
6992019
6995071
6995074
6995388
6996305
6998276
6998306
6998309
6998634
6998669
6999154
7001802
7001817
7002195
7005320
7005349
7005367
7005373
7005389
7005391
7005674
7005748
7007933
7008811
7008817
7008835
7008837
7008841
7008844
7008847
7008876
7011911
7011992
7012031
7012284
7012335
7015087
7015094
7015106
7015144
7015548
7015560
7015590
7018892
7018894
7018903
7018911
7018912
7018914
7018933
7019327
7022536
7022569
7022600
7023016
7025651
7026185
7026208
7026240
7026242
7026246
7026662
7027638
7029593
7029974
7029983
7029987
7030022
7030409
7030489
7033880
7033895
7033896
7033908
7033909
7033944
7034350
7034368
7037749
7037762
7037768
7037781
7037783
7037828
7037835
7037852
7037863
7041526
7041554
7041557
7041558
7041563
7041592
7041594
7041605
7042107
7045380
7045385
7045413
7045416
7045424
7045429
7045807
7046760
7049161
7049197
7049203
7049218
7049232
7049648
7051428
7052918
7052931
7052951
7052952
7052965
7052967
7052983
7053005
7053006
7053407
7053417
7053730
7056753
7056776
7056781
7056786
7056827
7056828
7057212
7060543
7060563
7060574
7060575
7061015
7061034
7061125
7063989
7063997
7063998
7064026
7064051
7064059
7064365
7064387
7065867
7067329
7067370
7067401
7067413
7067417
7067420
7071016
7071027
7071048
7071510
7071540
7071555
7074635
7074646
7074652
7074662
7074667
7074670
7074671
7074683
7074704
7074712
7074718
7074725
7078241
7078255
7078256
7078292
7078295
7078331
7081375
7081380
7081389
7081391
7081409
7081418
7083737
7084030
7084041
7084056
7084061
7084073
7084076
7086142
7087450
7087482
7087489
7087519
7087987
7091054
7091055
7091072
7091074
7091090
7091102
7091117
7091125
7094615
7094646
7094660
7094694
7094712
7096914
7098112
7098123
7098131
7098135
7098535
7101752
7101766
7101769
7101776
7101803
7101804
7105396
7105401
7105418
7105444
7105475
7109065
7109080
7109081
7109104
7109132
7109585
7112456
7112475
7112492
7112539
7112842
7112849
7112862
7115433
7115441
7115470
7115483
7115490
7115497
7118926
7118948
7118969
7118975
7119029
7119368
7122417
7122426
7122431
7122441
7122468
7122478
7125766
7125767
7125774
7125797
7126357
7129105
7129118
7129174
7129585
7132304
7132326
7132331
7132349
7132358
7132362
7132714
7135349
7135353
7135407
7135412
7135413
7135422
7141180
7141438
7141456
7141473
7141512
7141826
7144771
7144772
7144790
7144798
7144815
7145196
7145332
7148080
7148100
7148106
7148110
7148116
7148129
7148141
7148530
7151009
7151019
7151031
7151039
7151043
7151045
7151057
7151058
7151279
7153727
7153733
7153740
7153745
7153750
7153770
7153786
7157366
7157762
7158864
7160744
7160776
7160777
7160780
7160787
7160789
7161180
7161205
7161206
7161249
7163859
7163865
7163869
7163890
7164147
7166507
7166514
7166541
7169681
7169684
7169704
7169707
7172913
7172916
7172938
7172944
7172946
7172967
7172971
7172974
7176041
7176049
7176058
7176067
7176078
7176085
7176126
7176139
7176538
7176558
7179398
7179537
7179704
7179709
7179714
7179739
7179750
7180151
7180154
7183154
7183157
7183172
7183192
7183195
7183202
7183207
7183214
7183226
7183660
7184910
7186280
7186577
7186583
7186593
7186617
7187003
7187022
7189638
7189641
7189661
7190021
7190073
7190877
7192822
7192833
7192864
7192873
7192884
7192891
7193249
7195929
7195933
7195966
7195987
7196000
7196010
7196011
7198998
7199003
7199019
7199421
7201807
7202099
7202160
7202163
7202180
7202501
7202521
7205183
7205184
7205194
7205199
7205208
7205215
7205219
7205232
7205241
7205623
7205660
7208343
7208349
7208352
7208365
7208367
7208381
7208800
7208824
7211460
7211469
7211475
7211482
7211485
7211506
7211515
7211889
7213329
7214559
7214588
7214604
7214620
7214957
7216653
7217618
7217622
7217623
7217625
7217642
7217669
7217985
7219825
7220599
7220601
7220640
7220648
7220652
7220653
7220993
7221591
7223649
7223657
7223659
7223689
7223693
7223702
7223999
7226804
7226867
7227181
7227215
7229860
7229875
7229884
7230293
7230307
7232696
7232725
7232736
7232756
7233020
7233022
7235411
7235434
7235435
7235445
7235481
7235485
7235850
7238559
7238572
7238584
7238585
7238612
7238962
7241652
7241966
7242035
7244645
7244649
7244666
7245008
7245015
7247176
7247256
7247528
7247537
7247538
7247540
7247541
7247881
7247883
7247897
7247906
7250335
7250342
7250346
7250379
7250671
7253026
7253035
7253037
7253058
7253060
7253099
7253849
7255768
7256080
7256091
7256143
7256448
7256492
7256502
7258811
7259035
7259065
7259068
7259069
7259070
7259399
7259430
7262073
7262080
7262108
7262114
7262141
7262440
7264981
7265011
7265031
7265040
7265050
7265051
7265384
7265418
7267997
7268014
7268021
7268029
7268043
7268089
7270886
7271038
7271055
7271059
7271061
7271080
7271084
7271100
7273772
7273780
7273783
7273807
7273822
7274097
7276091
7276389
7276404
7276415
7276421
7279360
7279371
7279374
7279392
7279412
7279416
7279422
7279708
7282388
7282394
7282405
7282407
7282422
7282431
7282446
7282451
7282746
7285456
7285459
7285466
7285467
7285493
7285810
7285815
7288212
7288294
7288422
7288436
7288442
7288444
7288453
7288454
7288468
7288477
7288818
7291439
7291531
7291556
7294516
7294518
7294531
7294537
7294538
7294540
7294546
7294584
7294857
7294876
7297452
7297584
7297591
7297596
7297600
7297604
7297615
7297620
7297638
7297950
7298033
7299547
7300827
7300841
7300845
7300864
7300887
7300888
7303955
7303957
7303987
7304387
7306552
7306964
7306996
7307008
7307014
7307340
7307441
7309634
7309635
7309655
7309924
7309958
7311109
7312091
7312110
7312117
7312121
7312130
7312143
7312144
7312150
7312489
7314515
7314771
7314795
7314806
7315057
7316954
7316961
7316968
7317204
7318870
7319044
7319062
7319064
7319224
7319240
7319255
7320906
7320908
7320909
7320913
7320920
7321144
7321146
7323371
7323375
7323397
7323404
7323407
7323419
7323420
7326295
7326584
7326587
7326605
7326608
7326613
7326619
7326625
7326959
7329365
7329553
7329574
7329579
7329580
7329581
7329597
7332386
7332400
7332404
7332409
7332412
7332427
7332736
7332787
7335524
7335541
7335550
7335560
7335589
7335590
7335592
7335601
7335974
7338610
7338816
7338823
7338831
7338832
7338849
7338854
7338859
7338860
7338861
7338862
7338863
7338867
7338874
7338879
7338891
7339185
7339262
7341888
7341889
7341897
7341908
7341912
7341961
7342211
7342286
7342622
7342710
7344904
7344940
7344944
7344949
7344999
7348190
7348200
7348208
7348219
7348231
7348241
7348246
7348267
7348274
7348277
7348535
7348593
7348653
7351594
7351618
7351622
7351625
7351629
7351633
7351635
7351636
7351653
7351661
7351667
7352021
7352035
7352050
7352431
7354781
7354813
7354821
7354823
7354827
7354835
7354868
7354871
7355176
7355274
7357878
7358104
7358123
7358124
7358126
7358137
7358142
7358155
7358190
7358588
7361286
7361521
7361524
7361537
7361545
7361547
7361548
7361550
7361554
7361560
7361563
7361565
7361591
7361606
7361609
7361612
7361956
7364784
7364933
7364940
7364955
7364960
7364967
7364973
7364987
7364990
7364992
7365010
7365021
7365025
7368330
7368333
7368336
7368348
7368352
7368361
7368510
7368769
7368771
7368792
7368811
7368933
7369254
7371592
7371603
7371614
7371618
7371621
7371622
7371633
7371638
7371640
7371651
7371669
7371675
7371696
7372125
7374701
7374953
7374959
7374966
7374969
7374972
7374979
7374986
7374991
7374994
7375003
7375025
7375373
7378312
7378320
7378326
7378328
7379322
7381579
7381601
7381621
7381990
7384825
7384841
7384843
7384845
7384850
7384866
7384872
7385247
7387906
7387917
7387920
7387931
7387933
7387938
7387943
7387962
7387965
7390706
7390719
7390743
7391071
7391105
7393489
7393700
7393710
7393726
7393742
7393746
7393769
7394087
7394117
7396695
7396719
7396726
7396729
7396730
7396744
7396761
7396763
7396777
7397077
7397079
7397095
7397099
7399650
7399670
7399672
7399689
7399700
7399716
7402464
7402465
7402468
7402478
7402483
7402488
7402491
7402492
7402493
7402871
7402889
7402944
7405090
7405105
7405120
7405126
7405164
7405167
7407845
7407856
7407865
7407897
7408200
7410823
7410832
7410843
7410853
7410869
7410870
7410871
7410892
7410896
7410913
7410915
7411173
7411210
7411239
7411240
7411243
7411572
7412982
7413920
7413921
7413943
7413950
7413959
7414264
7414303
7416904
7416924
7416968
7416981
7416997
7419843
7419856
7419859
7419879
7419880
7419881
7419888
7419909
7419918
7420207
7420814
7422912
7422916
7422939
7422943
7422949
7422965
7423322
7425275
7425466
7425476
7425479
7425493
7425510
7425514
7425725
7427530
7427531
7427533
7427539
7427558
7427573
7427788
7429367
7429504
7429505
7429511
7429766
7431855
7432143
7432155
7432159
7432160
7432173
7432183
7432185
7432199
7432217
7432554
7435629
7435634
7435644
7435654
7435657
7435666
7435673
7435678
7435992
7435996
7436017
7439094
7439102
7439129
7439150
7439176
7439192
7439197
7439581
7439604
7442565
7442569
7442571
7442594
7442596
7442602
7442604
7442607
7442613
7442646
7442960
7442981
7442987
7445992
7445994
7445997
7446000
7446043
7446367
7446387
7449346
7449352
7449360
7449366
7449383
7449398
7449402
7449417
7449740
7452753
7452762
7452769
7452773
7452779
7452783
7452790
7452807
7452809
7452810
7452811
7452817
7452825
7453097
7453716
7455563
7456041
7456112
7456434
7459323
7459328
7459353
7459359
7459364
7459370
7459372
7459388
7459779
7462507
7462520
7462523
7462533
7462535
7462544
7462555
7462899
7463826
7465403
7465604
7465614
7465617
7465633
7465638
7465675
7470562
7470579
7470586
7470588
7470603
7470612
7470634
7470938
7470948
7470950
7470980
7473571
7473573
7473590
7473597
7473600
7473611
7473619
7473647
7473932
7473951
7473993
7473996
7476584
7476585
7476598
7476614
7476622
7477445
7479405
7479408
7479416
7479434
7479442
7479445
7479455
7479673
7482179
7482189
7482206
7482208
7482210
7482222
7482224
7482242
7482616
7482619
7482648
7482703
7485479
7485481
7485482
7485507
7485535
7485552
7485554
7485558
7485559
7485569
7485576
7485583
7485585
7485927
7488628
7488633
7488637
7488644
7488648
7488654
7488684
7488687
7488688
7488694
7488974
7488977
7488982
7489003
7491564
7491591
7491601
7491603
7491619
7491654
7491657
7491968
7491997
7492032
7493713
7494844
7494845
7494859
7494866
7494868
7494871
7494877
7494895
7494917
7494926
7494934
7494940
7495284
7495311
7495315
7498179
7498186
7498193
7498205
7498213
7498217
7498220
7498233
7498244
7498248
7498253
7498263
7498600
7498679
7501191
7501297
7501307
7501327
7501334
7501674
7501680
7501682
7504266
7504273
7504280
7504290
7504295
7504342
7504725
7505661
7507594
7507609
7507616
7507624
7507627
7507652
7507674
7507996
7508041
7510891
7510914
7510918
7510931
7510932
7510934
7510935
7510952
7510963
7510968
7510969
7511297
7511334
7511998
7514280
7514284
7514310
7514315
7514319
7514325
7514354
7514704
7517703
7517710
7517714
7517715
7517723
7517730
7517734
7517750
7517752
7517757
7517762
7517763
7517815
7517817
7518181
7518245
7521269
7521281
7521289
7521301
7521316
7521329
7521331
7521333
7521348
7521357
7521375
7521704
7521717
7521746
7521788
7524692
7524706
7524715
7524717
7524724
7524733
7524747
7524757
7524763
7524770
7525143
7525146
7527988
7527992
7528021
7528022
7531401
7531409
7531410
7531412
7531413
7531414
7531446
7531449
7531450
7531456
7531459
7531465
7534642
7534645
7534656
7534677
7534678
7534684
7534686
7534688
7534698
7534704
7534707
7534708
7534709
7534720
7534723
7534726
7535035
7535049
7535061
7537668
7537940
7537952
7537956
7537959
7537974
7537975
7537977
7537980
7537993
7538017
7538046
7538343
7538385
7538399
7539038
7540970
7541199
7541206
7541207
7541212
7541223
7541225
7541234
7541243
7541252
7541276
7541282
7541288
7541290
7541645
7541656
7544534
7544538
7544550
7544560
7544565
7544585
7544597
7544607
7544991
7545027
7547574
7547588
7547607
7547626
7547632
7550316
7550317
7550329
7550332
7550347
7550352
7550353
7550363
7550374
7550383
7550391
7550393
7550791
7550823
7553682
7553710
7553714
7553720
7553725
7553726
7553742
7553748
7553751
7553758
7553761
7554118
7554150
7556712
7556989
7557020
7557026
7557050
7557415
7560316
7560317
7560319
7560331
7560332
7560344
7560349
7560353
7560359
7560374
7560383
7560386
7560394
7560681
7560712
7560765
7560768
7560796
7562662
7563639
7563656
7563659
7563660
7563672
7563677
7563683
7563699
7564094
7564116
7566578
7566589
7566596
7566602
7566608
7566615
7566619
7566659
7566666
7566667
7566961
7569401
7569417
7569423
7569430
7569456
7569461
7569480
7569483
7572571
7572658
7572662
7572667
7572668
7572673
7572684
7572690
7572711
7572721
7572736
7573058
7573076
7573132
7573142
7575944
7575945
7575951
7575962
7575963
7575964
7575971
7576010
7576341
7576354
7576355
7576407
7576706
7578944
7579199
7579208
7579225
7579233
7579236
7579237
7579244
7579249
7579283
7579284
7579583
7579643
7579648
7579653
7580088
7581550
7582496
7582501
7582535
7582539
7582542
7582559
7582568
7582573
7582894
7582899
7582924
7582941
7585683
7585684
7585692
7585700
7585710
7585718
7585729
7585734
7585755
7585756
7585757
7585763
7585770
7585773
7585786
7585787
7586122
7586175
7588964
7588972
7588977
7588979
7588983
7588989
7589013
7589022
7589374
7589375
7592206
7592215
7592227
7592540
7592631
7592708
7592986
7595143
7595207
7595213
7595246
7595251
7595253
7595502
7595518
7595519
7595529
7595532
7598095
7598103
7598111
7598112
7598115
7598136
7598139
7598141
7598159
7598168
7598177
7598180
7598536
7598564
7598572
7599216
7601548
7601555
7601561
7601565
7601567
7601580
7601588
7601592
7601621
7601630
7601647
7602047
7602072
7602202
7602633
7605014
7605022
7605025
7605035
7605067
7605087
7605091
7605094
7605430
7605473
7605478
7606064
7606280
7606281
7607222
7608493
7608494
7608500
7608507
7608509
7608519
7608540
7608547
7608869
7608910
7611932
7611948
7611951
7611956
7611973
7612358
7612361
7612450
7615397
7615401
7615415
7615421
7615429
7615432
7615437
7615446
7615496
7615817
7615830
7615842
7616356
7618832
7618854
7618864
7618868
7618899
7619245
7621998
7622307
7622319
7622323
7622329
7622379
7622383
7622386
7622738
7622739
7622761
7622765
7623338
7623366
7624498
7625777
7625782
7625804
7625812
7626195
7626203
7626263
7629205
7629207
7629215
7629217
7629218
7629222
7629239
7629244
7629262
7629274
7629677
7632692
7632709
7632723
7632742
7632748
7633117
7633136
7635436
7635628
7635633
7635645
7638253
7638345
7638358
7638360
7638361
7638365
7638373
7638375
7638387
7638388
7638423
7638433
7638788
7638800