Toshiba
6010947
6010950
6010955
6013575
6015731
6015754
6017809
6018195
6020225
6020229
6022763
6022806
6022814
6030848
6030876
6033537
6033986
6037017
6037195
6037247
6037270
6043158
6045605
6046110
6048791
6049130
6051442
6051452
6051484
6051508
6051509
6054355
6054371
6054373
6054770
6059920
6060335
6060368
6060403
6060743
6064466
6066543
6066571
6066579
6069067
6069071
6069081
6069083
6071810
6071821
6074903
6074938
6077451
6080599
6080624
6088071
6090176
6090699
6090701
6091080
6091099
6091117
6091130
6093243
6093644
6096585
6096631
6100130
6100132
6100193
6100579
6104052
6104083
6107135
6108481
6114195
6117729
6117752
6117774
6121638
6124189
6127237
6127256
6127716
6127718
6130119
6133121
6133150
6133601
6136624
6140236
6140247
6143587
6144074
6146911
6146929
6146938
6150072
6150270
6150676
6153448
6153450
6153476
6153488
6153509
6153510
6153542
6156599
6156622
6157056
6159837
6159868
6162720
6162741
6162745
6165837
6165872
6165883
6165907
6165916
6169019
6171887
6171977
6174779
6180513
6184083
6184109
6184125
6185472
6187602
6187632
6190955
6190957
6191024
6194023
6194244
6194252
6194779
6197648
6197675
6200894
6201309
6204084
6204539
6207486
6207591
6211081
6214665
6214724
6221684
6224950
6225230
6228688
6228717
6228752
6232137
6235561
6235589
6235624
6235627
6236079
6238515
6239032
6242298
6245582
6248645
6248652
6251763
6251801
6255199
6258617
6258632
6258650
6258665
6258686
6261919
6261920
6261953
6265323
6265744
6268280
6268629
6268641
6271081
6274434
6274505
6274507
6274512
6281050
6281533
6284568
6284583
6287988
6291300
6294422
6294439
6294454
6294481
6297122
6297534
6300178
6300197
6303405
6303429
6303440
6303466
6303948
6306669
6306753
6306756
6307265
6312982
6313002
6313037
6316324
6326243
6326316
6326691
6329250
6329258
6329275
6329303
6329683
6333203
6333212
6333213
6333215
6333246
6333274
6334209
6335209
6335220
6335241
6335244
6335250
6335251
6335554
6337241
6337258
6337280
6339232
6340611
6342408
6342421
6342444
6344420
6344670
6346432
6346438
6346464
6346732
6348402
6352931
6355967
6362030
6362042
6365472
6365492
6368951
6368977
6368984
6372083
6372285
6372573
6372612
6376295
6376347
6379484
6383837
6383856
6383897
6383942
6384321
6388282
6388304
6388341
6392270
6392272
6395621
6399992
6400037
6403405
6403444
6403452
6403462
6403481
6406545
6410439
6411906
6413798
6413809
6414373
6414499
6417020
6417047
6417051
6417086
6417107
6417551
6420271
6426294
6429038
6429134
6436723
6436776
6436804
6436813
6436849
6440644
6440843
6441406
6444570
6445001
6454819
6455368
6455901
6458713
6459114
6461921
6462373
6465285
6465290
6465330
6465892
6468911
6472293
6475853
6475909
6476429
6479368
6482714
6486001
6486046
6489176
6492271
6492278
6495054
6495416
6495890
6495891
6498050
6498055
6498365
6500686
6500735
6500748
6501129
6503798
6504227
6504237
6505090
6506634
6506675
6511877
6514885
6515320
6515338
6518073
6518177
6521528
6521925
6524894
6525402
6528342
6528347
6528357
6531357
6531403
6537844
6537924
6538271
6541287
6541298
6541348
6541357
6541389
6541813
6541864
6544804
6544833
6545317
6545323
6551765
6551854
6551882
6551894
6555418
6555427
6555925
6558962
6558988
6559477
6562705
6563193
6566261
6569752
6570217
6573583
6576554
6576562
6579153
6579382
6579785
6586773
6586793
6586815
6593180
6593189
6593202
6593250
6596578
6596612
6599771
6599794
6600189
6602432
6602753
6602771
6604231
6605486
6605521
6605522
6605542
6607948
6607952
6607958
6607986
6607990
6613443
6613645
6613658
6617226
6617622
6617666
6620336
6620653
6627499
6627521
6627528
6627552
6627557
6632289
6632476
6632714
6632723
6633069
6635549
6638865
6639296
6642087
6642149
6642519
6642563
6642581
6645842
6645876
6645881
6649462
6649516
6653665
6656766
6656800
6656826
6657306
6660546
6664136
6664592
6667187
6667198
6667211
6667238
6673704
6673705
6680230
6680510
6682967
6683356
6686222
6686287
6689284
6689625
6689652
6689699
6693002
6693023
6693028
6699726
6699774
6699776
6703302
6705003
6707128
6707160
6709531
6709543
6709699
6709909
6709966
6713359
6713869
6717210
6720250
6720253
6720657
6723572
6723660
6724026
6727129
6727541
6730581
6730983
6737309
6737363
6737724
6737743
6740590
6740974
6743645
6744104
6746884
6746905
6746909
6746929
6746943
6746969
6750093
6750138
6750142
6750143
6759251
6759314
6759333
6762064
6762065
6764585
6764865
6767796
6770519
6772045
6774011
6774024
6774408
6777313
6777350
6777743
6777756
6780657
6781236
6782907
6784006
6784041
6784092
6784933
6787093
6787433
6787462
6787827
6787837
6787848
6790694
6790701
6790723
6790769
6791117
6791118
6791153
6794285
6794286
6794720
6797530
6797536
6797551
6798038
6798050
6798478
6800519
6800569
6803300
6803619
6803635
6805541
6806021
6806132
6806918
6808950
6809013
6809421
6812104
6812136
6813756
6814879
6815279
6815280
6815298
6815312
6815377
6815768
6818508
6818556
6825056
6828203
6828222
6828726
6833301
6833596
6835889
6838316
6841404
6841429
6841469
6844204
6844234
6844247
6846686
6846733
6846750
6847073
6847084
6849890
6849894
6849908
6849923
6853029
6855565
6858491
6858539
6858893
6861010
6861314
6861374
6864137
6864501
6864533
6864583
6867054
6867138
6867454
6869737
6869845
6869867
6875665
6875696
6876059
6878579
6878599
6878631
6878985
6878992
6881601
6881631
6881633
6884633
6885069
6885071
6887747
6887802
6891218
6891232
6893928
6893980
6897143
6897502
6897524
6897534
6900086
6902976
6903015
6903025
6903450
6905980
6905983
6906908
6908799
6908801
6909191
6909993
6911398
6913962
6914284
6914294
6916677
6917064
6917072
6919249
6919260
6919595
6919601
6921687
6921960
6924163
6924193
6924227
6924236
6924518
6924523
6924536
6927116
6927132
6927139
6927459
6929990
6929991
6930012
6930342
6930382
6933194
6933205
6933211
6933216
6933234
6933544
6933549
6933590
6933613
6935928
6936490
6938638
6939787
6940132
6943074
6943402
6943406
6944007
6946304
6946387
6946741
6949425
6951781
6951794
6951807
6956265
6956276
6960492
6960494
6960540
6962868
6962870
6963102
6964893
6964899
6965155
6969660
6969913
6973635
6974746
6977228
6977401
6977805
6982198
6983191
6984532
6984582
6984855
6984858
6984865
6987047
6987066
6987293
6989281
6989303
6989316
6989560
6991964
6992009
6992020
6995090
6995455
6998342
6998676
7001086
7001780
7001787
7001839
7005345
7005382
7012295
7013444
7015049
7015121
7018552
7018904
7018932
7019355
7022531
7022580
7022616
7026182
7026205
7026214
7026241
7033913
7034318
7037738
7037839
7041584
7041603
7042059
7042705
7045409
7045415
7045417
7045423
7045426
7045448
7045458
7045462
7045837
7046545
7047147
7049186
7049222
7049223
7052620
7052971
7056779
7057259
7060519
7060532
7060555
7060559
7060581
7060593
7060597
7060621
7061018
7061069
7062396
7064024
7064028
7064379
7064402
7067380
7067398
7067897
7071039
7071107
7071108
7075149
7075151
7075158
7078345
7081386
7082346
7084022
7084028
7084068
7084077
7084081
7084469
7084510
7087475
7087530
7087960
7091114
7091122
7091135
7091537
7091538
7091624
7094612
7094619
7094652
7094663
7094681
7094693
7095093
7096140
7096548
7097784
7098115
7098120
7098146
7101259
7101749
7101775
7101801
7103503
7105397
7105400
7109103
7109133
7109549
7112822
7112839
7115424
7115471
7115474
7115475
7115476
7115522
7115999
7118294
7118956
7121286
7122385
7122429
7122430
7122432
7122446
7122448
7122470
7122855
7125779
7129125
7129132
7129175
7135368
7135384
7135724
7138073
7138283
7138297
7140951
7141445
7141466
7141467
7141474
7141497
7141842
7144794
7144804
7146597
7148096
7148130
7148138
7148158
7151288
7154179
7154183
7157340
7157368
7160818
7161231
7162072
7162400
7163894
7166889
7169697
7170099
7172673
7172920
7172955
7176061
7176080
7176536
7179671
7179672
7179702
7180237
7183168
7183203
7183601
7184913
7186598
7186654
7189624
7192831
7193321
7195930
7195968
7195988
7196370
7197414
7197437
7198729
7198994
7199038
7200831
7202126
7202168
7205191
7205239
7205636
7205637
7208334
7208353
7208360
7208400
7208423
7208779
7208801
7214561
7214576
7214580
7214595
7214982
7217631
7217635
7217640
7217662
7220672
7220681
7222328
7223319
7223632
7226513
7226841
7227194
7227226
7227228
7229892
7230322
7232751
7232763
7235425
7235456
7235469
7235490
7235882
7238563
7238576
7238587
7238919
7238988
7238997
7241638
7241651
7244629
7247505
7247506
7247539
7247583
7247888
7247921
7250357
7253075
7253473
7253479
7259046
7259094
7259455
7262511
7264994
7265017
7265020
7265022
7265740
7267998
7268047
7268053
7268068
7268069
7268374
7268392
7268434
7268647
7271040
7271443
7279405
7282413
7282437
7282444
7285461
7285498
7285825
7285864
7288466
7288470
7291506
7294558
7294562
7294586
7294878
7297594
7297599
7298005
7300818
7300832
7300838
7300884
7301161
7303946
7303965
7306961
7306994
7307023
7308395
7309633
7309891
7312118
7312138
7312158
7312498
7314766
7314787
7314826
7314827
7314833
7319944
7327013
7329601
7332104
7332380
7332804
7335517
7335562
7341900
7347951
7348192
7348617
7348644
7349762
7351656
7353481
7354819
7354861
7354869
7358156
7358198
7361933
7361951
7364950
7364951
7364972
7364982
7365362
7368323
7368342
7368767
7368780
7371643
7371644
7371654
7371672
7372086
7372099
7372113
7372118
7374995
7378329
7378344
7381641
7385250
7387921
7387934
7391077
7393706
7393747
7393748
7396721
7396748
7399706
7400005
7400010
7402444
7402495
7402499
7402521
7402888
7402904
7402907
7405087
7405088
7405133
7405159
7405451
7407839
7407848
7407864
7410855
7413914
7413987
7413989
7414417
7416935
7416942
7416955
7416967
7416987
7417274
7417281
7419613
7419910
7420230
7420259
7422932
7422937
7422944
7422947
7422953
7422977
7425478
7427518
7427544
7429508
7431624
7432131
7432147
7432154
7432196
7432570
7435609
7435655
7435682
7439112
7439167
7439183
7439185
7439563
7442625
7446061
7449375
7452751
7452819
7453090
7454051
7456096
7456481
7459391
7459398
7459716
7459759
7462531
7462541
7462569
7465624
7465628
7465668
7468541
7470609
7470947
7470963
7471762
7473565
7473628
7473964
7476567
7476605
7477773
7479423
7479430
7479433
7482187
7482194
7482604
7482660
7482661
7485475
7485547
7485909
7485918
7485921
7488631
7488646
7489018
7494869
7494931
7498630
7501332
7501335
7501675
7501689
7501698
7504294
7504304
7504680
7504684
7507590
7507630
7507634
7508026
7510898
7510911
7510945
7512501
7514338
7514763
7517466
7517721
7517745
7518178
7521263
7521268
7521300
7521309
7521318
7521350
7521352
7521697
7521787
7521803
7524758
7525142
7527982
7527984
7528046
7529634
7531397
7531408
7531462
7531845
7534682
7534717
7535745
7537978
7537981
7537983
7537989
7538013
7538037
7538047
7541204
7541224
7541233
7541245
7541295
7541643
7544573
7544593
7544613
7550342
7550355
7550368
7550801
7553728
7553757
7553775
7557018
7557040
7557384
7557401
7557422
7560320
7563664
7563678
7564093
7564109
7566926
7569403
7569454
7569455
7569498
7569900
7569921
7572713
7572717
7579231
7579241
7579647
7582523
7582572
7585720
7585742
7586194
7588973
7589014
7592189
7592666
7595522
7598151
7598562
7598568
7601564
7601623
7601638
7602016
7602041
7604832
7605042
7605043
7605076
7608488
7608498
7608537
7611994
7612401
7612498
7615413
7615485
7615818
7618876
7619239
7622762
7622771
7622773
7625494
7629232
7629243
7629638
7629658
7629672
7629695
7631680
7632728
7633113
7635397
7635601
7635631
7635646
7638382
7638399
7638432
7638439
7638832